Name_Team,2017-04-02,2017-04-03,2017-04-04,2017-04-05,2017-04-06,2017-04-07,2017-04-08,2017-04-09,2017-04-10,2017-04-11,2017-04-12,2017-04-13,2017-04-14,2017-04-15,2017-04-16,2017-04-17,2017-04-18,2017-04-19,2017-04-20,2017-04-21,2017-04-22,2017-04-23,2017-04-24,2017-04-25,2017-04-26,2017-04-27,2017-04-28,2017-04-29,2017-04-30,2017-05-01,2017-05-02,2017-05-03,2017-05-04,2017-05-05,2017-05-06,2017-05-07,2017-05-08,2017-05-09,2017-05-10,2017-05-11,2017-05-12,2017-05-13,2017-05-14,2017-05-15,2017-05-16,2017-05-17,2017-05-18,2017-05-19,2017-05-20,2017-05-21,2017-05-22,2017-05-23,2017-05-24
Madison Bumgarner_SF,28.15,NA,NA,NA,NA,NA,18.6,NA,NA,NA,NA,19.3,NA,NA,NA,NA,NA,14.7,NA,NA,NA,NA,NA,NA,NA,NA,NA,NA,NA,NA,NA,NA,NA,NA,NA,NA,NA,NA,NA,NA,NA,NA,NA,NA,NA,NA,NA,NA,NA,NA,NA,NA,NA
Jon Lester_CHC,17.85,NA,NA,NA,NA,NA,NA,NA,22.5,NA,NA,NA,NA,NA,18.15,NA,NA,NA,NA,4.75,NA,NA,NA,NA,5.55,NA,NA,NA,NA,NA,16.45,NA,NA,NA,NA,28.75,NA,NA,NA,NA,NA,18.75,NA,NA,NA,NA,17.3,NA,NA,NA,NA,42.35,NA
Chris Archer_TB,20.95,NA,NA,NA,NA,NA,24.45,NA,NA,NA,NA,NA,19.95,NA,NA,NA,NA,15.85,NA,NA,NA,NA,7.8,NA,NA,NA,NA,NA,20.9,NA,NA,NA,NA,26.5,NA,NA,NA,NA,40.4,NA,NA,NA,NA,4.65,NA,NA,NA,NA,NA,27.45,NA,NA,NA
Masahiro Tanaka_NYY,-8.0,NA,NA,NA,NA,NA,8.05,NA,NA,NA,NA,NA,18.05,NA,NA,NA,NA,24.95,NA,NA,NA,NA,NA,NA,NA,33.45,NA,NA,NA,NA,13.45,NA,NA,NA,NA,NA,19.15,NA,NA,NA,NA,NA,-11.65,NA,NA,NA,NA,NA,-3.85,NA,NA,NA,NA
Carlos Martinez_STL,32.9,NA,NA,NA,NA,NA,NA,1.85,NA,NA,NA,NA,NA,22.8,NA,NA,NA,NA,9.85,NA,NA,NA,NA,NA,NA,18.7,NA,NA,NA,NA,25.5,NA,NA,NA,NA,NA,21.3,NA,NA,NA,NA,21.6,NA,NA,NA,NA,NA,NA,33.45,NA,NA,NA,NA
Zack Greinke_ARI,11.65,NA,NA,NA,NA,NA,26.0,NA,NA,NA,NA,NA,1.45,NA,NA,NA,NA,24.4,NA,NA,NA,NA,33.9,NA,NA,NA,NA,20.1,NA,NA,NA,NA,NA,26.15,NA,NA,NA,NA,NA,40.8,NA,NA,NA,NA,22.8,NA,NA,NA,NA,NA,42.5,NA,NA
Kris Bryant_CHC,0.0,NA,0.0,NA,4.0,12.0,21.0,18.0,9.0,NA,4.0,2.0,9.0,30.0,0.0,0.0,15.0,11.0,NA,5.0,11.0,5.0,19.0,10.0,19.0,NA,16.0,16.0,14.0,2.0,24.0,6.0,16.0,16.0,2.0,5.0,NA,21.0,5.0,NA,NA,NA,NA,NA,14.0,2.0,18.0,0.0,NA,39.0,0.0,7.0,2.0
Anthony Rizzo_CHC,3.0,NA,2.0,NA,10.0,4.0,7.0,0.0,7.0,NA,6.0,19.0,14.0,12.0,5.0,10.0,10.0,12.0,NA,20.0,29.0,16.0,13.0,0.0,25.0,NA,5.0,16.0,2.0,2.0,4.0,5.0,0.0,3.0,0.0,13.0,NA,0.0,NA,NA,5.0,4.0,4.0,NA,21.0,7.0,9.0,5.0,NA,20.0,2.0,16.0,33.0
Paul Goldschmidt_ARI,8.0,NA,18.0,11.0,19.0,17.0,12.0,8.0,0.0,9.0,0.0,NA,4.0,8.0,8.0,11.0,10.0,0.0,5.0,18.0,11.0,18.0,NA,33.0,26.0,14.0,7.0,11.0,8.0,NA,12.0,5.0,14.0,39.0,3.0,0.0,NA,9.0,16.0,3.0,9.0,14.0,32.0,12.0,9.0,9.0,NA,11.0,16.0,3.0,19.0,15.0,14.0
Gary Sanchez_NYY,0.0,NA,0.0,3.0,NA,21.0,0.0,NA,NA,NA,NA,NA,NA,NA,NA,NA,NA,NA,NA,NA,NA,NA,NA,NA,NA,NA,NA,NA,NA,NA,NA,NA,NA,2.0,14.0,7.0,17.0,14.0,NA,5.0,0.0,NA,14.0,NA,23.0,10.0,3.0,NA,17.0,2.0,0.0,NA,10.0
Buster Posey_SF,2.0,NA,4.0,10.0,12.0,NA,5.0,21.0,2.0,NA,NA,NA,NA,NA,NA,NA,9.0,3.0,NA,5.0,3.0,3.0,6.0,10.0,8.0,4.0,NA,0.0,9.0,14.0,5.0,10.0,NA,11.0,7.0,2.0,19.0,16.0,23.0,NA,17.0,NA,16.0,19.0,6.0,3.0,NA,4.0,5.0,NA,9.0,7.0,2.0
Kyle Schwarber_CHC,10.0,NA,4.0,NA,20.0,0.0,7.0,19.0,8.0,NA,2.0,7.0,7.0,7.0,8.0,5.0,18.0,NA,NA,12.0,6.0,0.0,12.0,0.0,2.0,NA,3.0,7.0,2.0,0.0,18.0,2.0,NA,14.0,NA,14.0,NA,NA,2.0,NA,2.0,2.0,2.0,NA,19.0,9.0,NA,0.0,NA,9.0,NA,14.0,NA
Hunter Pence_SF,5.0,NA,11.0,15.0,4.0,NA,0.0,16.0,10.0,14.0,5.0,5.0,15.0,0.0,2.0,NA,10.0,0.0,NA,5.0,NA,6.0,8.0,3.0,2.0,3.0,2.0,NA,4.0,16.0,3.0,10.0,NA,2.0,0.0,3.0,16.0,0.0,7.0,3.0,NA,NA,NA,NA,NA,NA,NA,NA,NA,NA,NA,NA,NA
Brandon Belt_SF,4.0,NA,10.0,24.0,9.0,34.0,5.0,6.0,4.0,0.0,6.0,3.0,5.0,NA,10.0,NA,5.0,3.0,NA,19.0,14.0,2.0,5.0,NA,4.0,7.0,17.0,9.0,0.0,NA,12.0,13.0,NA,2.0,0.0,0.0,4.0,2.0,NA,16.0,5.0,16.0,18.0,5.0,19.0,NA,NA,13.0,0.0,3.0,19.0,0.0,8.0
Dexter Fowler_STL,7.0,NA,3.0,NA,3.0,2.0,11.0,0.0,9.0,7.0,7.0,NA,0.0,0.0,3.0,0.0,12.0,31.0,0.0,5.0,NA,2.0,NA,12.0,NA,24.0,21.0,NA,5.0,2.0,2.0,NA,12.0,NA,NA,NA,NA,NA,NA,NA,4.0,6.0,NA,NA,9.0,18.0,NA,30.0,2.0,2.0,NA,0.0,2.0
Eduardo Nunez_SF,25.0,NA,10.0,13.0,2.0,3.0,5.0,7.0,3.0,19.0,NA,2.0,9.0,0.0,0.0,NA,3.0,0.0,NA,19.0,3.0,0.0,2.0,5.0,0.0,3.0,NA,10.0,5.0,5.0,5.0,8.0,NA,9.0,10.0,2.0,0.0,0.0,8.0,0.0,5.0,NA,20.0,21.0,8.0,14.0,NA,14.0,8.0,14.0,10.0,3.0,8.0
Matt Carpenter_STL,5.0,NA,0.0,NA,7.0,2.0,4.0,5.0,8.0,NA,10.0,NA,18.0,3.0,5.0,NA,NA,3.0,17.0,7.0,7.0,2.0,NA,NA,NA,6.0,0.0,NA,20.0,16.0,10.0,NA,8.0,26.0,21.0,16.0,18.0,5.0,7.0,NA,2.0,0.0,18.0,NA,5.0,2.0,NA,2.0,5.0,16.0,NA,0.0,10.0
Ben Zobrist_CHC,4.0,NA,NA,NA,3.0,16.0,11.0,20.0,0.0,NA,3.0,NA,5.0,8.0,5.0,8.0,0.0,NA,NA,NA,NA,12.0,17.0,0.0,NA,NA,12.0,16.0,5.0,3.0,9.0,7.0,NA,3.0,10.0,3.0,NA,2.0,NA,NA,2.0,NA,NA,NA,NA,12.0,8.0,3.0,NA,14.0,24.0,3.0,NA
Evan Longoria_TB,21.0,NA,7.0,2.0,7.0,20.0,5.0,0.0,5.0,NA,6.0,3.0,9.0,5.0,0.0,5.0,2.0,19.0,3.0,14.0,14.0,2.0,5.0,4.0,3.0,NA,14.0,0.0,0.0,NA,NA,2.0,5.0,15.0,16.0,0.0,8.0,5.0,10.0,0.0,23.0,0.0,14.0,10.0,0.0,0.0,NA,20.0,19.0,2.0,3.0,0.0,5.0
Denard Span_SF,6.0,NA,NA,NA,NA,NA,2.0,5.0,5.0,NA,12.0,3.0,9.0,2.0,7.0,NA,0.0,NA,NA,5.0,0.0,NA,NA,NA,NA,NA,NA,NA,NA,NA,NA,NA,NA,NA,NA,NA,NA,NA,NA,25.0,22.0,3.0,12.0,5.0,5.0,NA,NA,10.0,5.0,0.0,NA,NA,14.0
Joe Panik_SF,12.0,NA,17.0,5.0,NA,14.0,3.0,NA,4.0,9.0,7.0,5.0,0.0,3.0,3.0,NA,17.0,0.0,NA,10.0,19.0,5.0,7.0,3.0,0.0,NA,8.0,2.0,7.0,3.0,5.0,12.0,NA,0.0,NA,3.0,6.0,0.0,4.0,3.0,5.0,8.0,14.0,0.0,NA,0.0,NA,4.0,3.0,5.0,30.0,0.0,0.0
Aledmys Diaz_STL,18.0,NA,0.0,NA,12.0,0.0,37.0,3.0,0.0,17.0,NA,NA,10.0,0.0,0.0,0.0,0.0,NA,13.0,3.0,NA,7.0,NA,0.0,NA,NA,3.0,NA,4.0,17.0,0.0,NA,13.0,24.0,13.0,0.0,6.0,0.0,13.0,NA,6.0,0.0,6.0,NA,5.0,7.0,NA,0.0,3.0,18.0,NA,5.0,11.0
Stephen Piscotty_STL,9.0,NA,4.0,NA,NA,2.0,NA,NA,10.0,0.0,30.0,NA,2.0,16.0,5.0,3.0,2.0,3.0,7.0,NA,2.0,7.0,NA,12.0,NA,13.0,12.0,NA,4.0,9.0,10.0,NA,0.0,NA,NA,NA,NA,NA,NA,NA,NA,NA,NA,NA,NA,NA,NA,NA,12.0,NA,NA,3.0,4.0
A.J. Pollock_ARI,24.0,NA,10.0,17.0,11.0,0.0,NA,0.0,0.0,5.0,10.0,NA,0.0,NA,4.0,16.0,15.0,13.0,5.0,24.0,10.0,NA,9.0,28.0,20.0,3.0,17.0,8.0,NA,NA,10.0,7.0,0.0,17.0,0.0,NA,NA,10.0,12.0,0.0,17.0,NA,8.0,NA,NA,NA,NA,NA,NA,NA,NA,NA,NA
Matt Holliday_NYY,0.0,NA,9.0,3.0,NA,25.0,6.0,10.0,12.0,NA,2.0,2.0,0.0,NA,NA,18.0,0.0,7.0,NA,NA,NA,NA,NA,NA,4.0,10.0,32.0,0.0,19.0,0.0,15.0,18.0,NA,NA,NA,11.0,23.0,NA,NA,3.0,5.0,NA,13.0,NA,2.0,6.0,2.0,21.0,2.0,0.0,10.0,6.0,5.0
Javier Baez_CHC,3.0,NA,2.0,NA,NA,0.0,16.0,NA,2.0,NA,NA,7.0,7.0,3.0,5.0,NA,7.0,0.0,NA,21.0,2.0,NA,2.0,NA,10.0,NA,0.0,NA,NA,19.0,34.0,10.0,0.0,NA,14.0,24.0,NA,16.0,0.0,NA,3.0,2.0,0.0,NA,0.0,NA,32.0,5.0,NA,NA,22.0,NA,5.0
Brett Gardner_NYY,3.0,NA,9.0,5.0,NA,27.0,10.0,2.0,17.0,NA,NA,NA,6.0,9.0,0.0,NA,2.0,7.0,NA,4.0,NA,2.0,NA,NA,5.0,NA,3.0,32.0,3.0,3.0,37.0,12.0,NA,20.0,12.0,8.0,20.0,5.0,NA,NA,3.0,NA,26.0,NA,4.0,17.0,NA,11.0,0.0,21.0,14.0,NA,5.0
Mallex Smith_TB,3.0,NA,NA,10.0,0.0,NA,26.0,0.0,0.0,NA,NA,3.0,NA,NA,NA,NA,NA,NA,NA,NA,NA,NA,NA,NA,NA,NA,NA,NA,NA,NA,NA,NA,NA,NA,NA,NA,NA,NA,NA,NA,NA,NA,NA,NA,NA,NA,NA,NA,NA,NA,NA,NA,NA
Jake Lamb_ARI,0.0,NA,20.0,7.0,20.0,12.0,9.0,5.0,3.0,21.0,20.0,NA,NA,5.0,6.0,16.0,9.0,3.0,3.0,11.0,18.0,11.0,2.0,NA,10.0,5.0,NA,20.0,3.0,NA,21.0,4.0,18.0,0.0,0.0,5.0,NA,4.0,0.0,7.0,15.0,5.0,11.0,21.0,NA,20.0,NA,36.0,20.0,0.0,12.0,16.0,16.0
Brandon Crawford_SF,10.0,NA,21.0,7.0,7.0,5.0,5.0,8.0,9.0,NA,4.0,NA,19.0,0.0,12.0,NA,5.0,3.0,NA,3.0,0.0,0.0,10.0,3.0,NA,NA,NA,NA,NA,NA,NA,NA,NA,NA,NA,NA,NA,NA,NA,5.0,3.0,0.0,13.0,13.0,8.0,NA,NA,13.0,5.0,16.0,0.0,7.0,7.0
Randal Grichuk_STL,23.0,NA,0.0,NA,5.0,0.0,3.0,5.0,0.0,14.0,NA,NA,9.0,0.0,2.0,13.0,0.0,NA,4.0,9.0,15.0,11.0,NA,5.0,NA,7.0,7.0,NA,2.0,6.0,2.0,NA,2.0,8.0,18.0,14.0,0.0,4.0,0.0,NA,23.0,NA,13.0,NA,2.0,NA,NA,8.0,0.0,20.0,NA,5.0,2.0
Brad Miller_TB,8.0,NA,0.0,0.0,7.0,11.0,11.0,6.0,0.0,NA,NA,0.0,31.0,NA,14.0,7.0,9.0,8.0,5.0,5.0,0.0,19.0,7.0,4.0,2.0,NA,6.0,NA,6.0,14.0,10.0,4.0,4.0,NA,7.0,0.0,7.0,16.0,7.0,NA,3.0,NA,4.0,17.0,NA,NA,NA,NA,NA,NA,NA,NA,NA
Jacoby Ellsbury_NYY,2.0,NA,10.0,20.0,NA,3.0,5.0,NA,7.0,NA,10.0,4.0,13.0,11.0,2.0,6.0,5.0,5.0,NA,23.0,7.0,17.0,NA,NA,2.0,0.0,24.0,2.0,NA,10.0,NA,NA,NA,NA,NA,21.0,11.0,2.0,NA,10.0,3.0,NA,NA,NA,5.0,NA,8.0,12.0,5.0,7.0,NA,3.0,0.0
Addison Russell_CHC,3.0,NA,7.0,NA,4.0,3.0,19.0,16.0,5.0,NA,0.0,14.0,8.0,21.0,0.0,2.0,NA,30.0,NA,7.0,4.0,10.0,20.0,7.0,0.0,NA,6.0,0.0,0.0,NA,7.0,0.0,11.0,0.0,10.0,6.0,NA,6.0,NA,NA,NA,NA,3.0,NA,14.0,4.0,8.0,NA,NA,7.0,3.0,0.0,7.0
Steven Souza Jr._TB,2.0,NA,6.0,5.0,13.0,13.0,10.0,24.0,0.0,NA,7.0,0.0,25.0,5.0,4.0,10.0,5.0,10.0,35.0,3.0,10.0,16.0,4.0,9.0,0.0,NA,3.0,7.0,NA,2.0,5.0,0.0,NA,8.0,2.0,5.0,0.0,NA,NA,NA,NA,0.0,22.0,4.0,7.0,7.0,NA,4.0,5.0,2.0,NA,2.0,30.0
Aaron Judge_NYY,7.0,NA,5.0,0.0,NA,2.0,NA,23.0,17.0,NA,25.0,2.0,0.0,NA,16.0,21.0,0.0,21.0,NA,5.0,21.0,3.0,NA,NA,20.0,2.0,32.0,34.0,11.0,5.0,38.0,24.0,NA,8.0,0.0,10.0,NA,5.0,NA,7.0,8.0,NA,18.0,NA,11.0,11.0,6.0,8.0,25.0,0.0,4.0,5.0,5.0
David Peralta_ARI,0.0,NA,0.0,NA,25.0,6.0,16.0,8.0,2.0,0.0,13.0,NA,NA,0.0,0.0,21.0,10.0,0.0,NA,10.0,26.0,8.0,27.0,NA,16.0,5.0,0.0,NA,5.0,NA,NA,NA,NA,8.0,NA,0.0,NA,0.0,NA,12.0,22.0,3.0,5.0,NA,NA,NA,NA,21.0,18.0,NA,0.0,3.0,NA
Yasmany Tomas_ARI,0.0,NA,0.0,10.0,NA,16.0,20.0,NA,14.0,10.0,4.0,NA,0.0,NA,6.0,0.0,23.0,NA,3.0,11.0,32.0,NA,12.0,10.0,0.0,23.0,0.0,9.0,NA,NA,2.0,4.0,NA,2.0,3.0,NA,NA,7.0,16.0,NA,7.0,2.0,NA,20.0,16.0,7.0,NA,7.0,7.0,3.0,NA,8.0,NA
Jedd Gyorko_STL,0.0,NA,NA,NA,0.0,NA,18.0,0.0,NA,3.0,8.0,NA,NA,14.0,7.0,NA,NA,2.0,28.0,8.0,14.0,NA,NA,13.0,NA,NA,19.0,NA,8.0,34.0,0.0,NA,3.0,12.0,NA,9.0,7.0,7.0,22.0,NA,2.0,14.0,5.0,NA,3.0,6.0,NA,10.0,6.0,NA,NA,0.0,15.0
Willson Contreras_CHC,21.0,NA,7.0,NA,NA,3.0,11.0,NA,3.0,NA,3.0,5.0,NA,2.0,0.0,NA,NA,10.0,NA,0.0,34.0,NA,NA,2.0,3.0,NA,3.0,NA,2.0,3.0,4.0,NA,NA,0.0,2.0,3.0,NA,7.0,NA,NA,28.0,3.0,NA,NA,12.0,NA,4.0,7.0,NA,21.0,3.0,0.0,NA
Kevin Kiermaier_TB,21.0,NA,3.0,3.0,2.0,12.0,2.0,16.0,0.0,NA,5.0,0.0,0.0,4.0,15.0,8.0,14.0,21.0,21.0,3.0,0.0,NA,0.0,0.0,4.0,NA,3.0,0.0,0.0,NA,9.0,7.0,7.0,2.0,3.0,2.0,5.0,14.0,3.0,2.0,8.0,16.0,14.0,21.0,2.0,3.0,NA,7.0,10.0,5.0,3.0,0.0,14.0
Jarrett Parker_SF,0.0,NA,NA,0.0,NA,0.0,0.0,NA,7.0,NA,17.0,0.0,NA,0.0,NA,NA,NA,NA,NA,NA,NA,NA,NA,NA,NA,NA,NA,NA,NA,NA,NA,NA,NA,NA,NA,NA,NA,NA,NA,NA,NA,NA,NA,NA,NA,NA,NA,NA,NA,NA,NA,NA,NA
Yadier Molina_STL,10.0,NA,3.0,NA,8.0,0.0,9.0,3.0,10.0,4.0,NA,NA,2.0,0.0,14.0,NA,0.0,3.0,5.0,3.0,11.0,NA,NA,8.0,NA,NA,7.0,NA,0.0,3.0,6.0,NA,12.0,5.0,NA,2.0,9.0,7.0,13.0,NA,3.0,10.0,30.0,NA,3.0,7.0,NA,7.0,3.0,3.0,NA,3.0,16.0
Starlin Castro_NYY,11.0,NA,0.0,0.0,NA,6.0,8.0,7.0,16.0,NA,8.0,7.0,19.0,2.0,6.0,17.0,7.0,20.0,NA,6.0,20.0,3.0,NA,NA,2.0,8.0,24.0,5.0,11.0,8.0,10.0,8.0,NA,6.0,30.0,6.0,NA,7.0,NA,3.0,0.0,NA,25.0,NA,8.0,21.0,7.0,8.0,5.0,0.0,2.0,5.0,0.0
Corey Dickerson_TB,5.0,NA,NA,19.0,8.0,NA,7.0,16.0,0.0,NA,7.0,6.0,7.0,NA,17.0,10.0,0.0,14.0,NA,14.0,10.0,2.0,19.0,NA,3.0,NA,21.0,6.0,4.0,7.0,6.0,NA,3.0,3.0,0.0,5.0,15.0,8.0,21.0,3.0,9.0,NA,23.0,4.0,28.0,21.0,NA,8.0,38.0,8.0,14.0,0.0,7.0
Brandon Drury_ARI,3.0,NA,9.0,7.0,NA,15.0,21.0,2.0,0.0,0.0,5.0,NA,0.0,7.0,3.0,NA,4.0,3.0,3.0,16.0,NA,0.0,10.0,11.0,7.0,NA,3.0,17.0,10.0,NA,8.0,0.0,NA,0.0,7.0,NA,NA,12.0,21.0,5.0,26.0,3.0,NA,7.0,5.0,0.0,NA,19.0,2.0,0.0,NA,7.0,9.0
Jason Heyward_CHC,5.0,NA,5.0,NA,10.0,5.0,NA,17.0,2.0,NA,8.0,3.0,5.0,5.0,5.0,5.0,8.0,NA,NA,14.0,27.0,7.0,20.0,0.0,7.0,NA,3.0,5.0,3.0,2.0,2.0,11.0,NA,0.0,NA,NA,NA,NA,NA,NA,NA,NA,NA,NA,NA,NA,NA,NA,NA,11.0,5.0,14.0,10.0
Chris Owings_ARI,8.0,NA,5.0,26.0,0.0,NA,7.0,32.0,5.0,3.0,3.0,NA,10.0,NA,6.0,4.0,0.0,NA,3.0,13.0,12.0,NA,28.0,19.0,2.0,35.0,10.0,5.0,NA,NA,12.0,17.0,3.0,3.0,NA,0.0,NA,6.0,8.0,7.0,5.0,NA,8.0,8.0,13.0,7.0,NA,15.0,8.0,0.0,7.0,NA,7.0
Logan Morrison_TB,24.0,NA,NA,8.0,5.0,NA,0.0,0.0,14.0,NA,NA,7.0,27.0,3.0,NA,2.0,5.0,2.0,NA,14.0,6.0,2.0,7.0,4.0,9.0,NA,16.0,NA,9.0,NA,19.0,NA,3.0,NA,27.0,0.0,0.0,16.0,22.0,5.0,0.0,14.0,3.0,11.0,3.0,16.0,NA,11.0,11.0,NA,14.0,5.0,11.0
Gregory Bird_NYY,2.0,NA,7.0,0.0,NA,0.0,NA,NA,NA,NA,NA,0.0,2.0,2.0,28.0,NA,0.0,7.0,NA,0.0,4.0,0.0,NA,NA,7.0,NA,2.0,10.0,NA,0.0,NA,NA,NA,NA,NA,NA,NA,NA,NA,NA,NA,NA,NA,NA,NA,NA,NA,NA,NA,NA,NA,NA,NA
Jhonny Peralta_STL,3.0,NA,3.0,NA,NA,0.0,NA,0.0,5.0,0.0,NA,NA,2.0,2.0,NA,NA,NA,NA,NA,NA,NA,NA,NA,NA,NA,NA,NA,NA,NA,NA,NA,NA,NA,NA,NA,NA,NA,NA,NA,NA,NA,NA,NA,NA,NA,NA,NA,NA,NA,10.0,NA,0.0,NA
Chase Headley_NYY,13.0,NA,24.0,10.0,NA,0.0,6.0,4.0,21.0,NA,10.0,3.0,15.0,9.0,14.0,9.0,NA,16.0,NA,5.0,7.0,0.0,NA,NA,12.0,5.0,13.0,0.0,7.0,NA,8.0,9.0,NA,5.0,9.0,0.0,4.0,NA,NA,5.0,0.0,NA,NA,NA,8.0,9.0,0.0,NA,11.0,0.0,0.0,5.0,0.0
Tim Beckham_TB,7.0,NA,3.0,0.0,0.0,7.0,0.0,NA,0.0,NA,3.0,NA,3.0,0.0,17.0,5.0,21.0,0.0,5.0,3.0,20.0,8.0,5.0,5.0,33.0,NA,12.0,4.0,NA,11.0,2.0,6.0,32.0,5.0,0.0,NA,0.0,10.0,6.0,3.0,7.0,0.0,14.0,2.0,19.0,13.0,NA,3.0,0.0,0.0,6.0,5.0,0.0
Derek Norris_TB,3.0,NA,0.0,14.0,NA,11.0,5.0,NA,0.0,NA,3.0,NA,2.0,0.0,NA,5.0,8.0,0.0,NA,0.0,3.0,NA,2.0,2.0,5.0,NA,19.0,NA,3.0,9.0,10.0,NA,7.0,16.0,0.0,NA,2.0,NA,12.0,0.0,8.0,4.0,NA,12.0,14.0,NA,NA,4.0,NA,14.0,0.0,2.0,0.0
Ronald Torreyes_NYY,2.0,NA,16.0,0.0,NA,0.0,10.0,18.0,2.0,NA,NA,3.0,3.0,7.0,11.0,NA,0.0,5.0,NA,3.0,20.0,3.0,NA,NA,3.0,6.0,NA,NA,NA,3.0,NA,2.0,NA,NA,NA,3.0,10.0,0.0,NA,NA,NA,NA,5.0,NA,NA,NA,NA,0.0,NA,NA,NA,NA,NA
Jeff Mathis_ARI,18.0,NA,0.0,NA,4.0,NA,5.0,NA,5.0,NA,0.0,NA,0.0,NA,NA,0.0,NA,0.0,NA,0.0,NA,NA,0.0,NA,0.0,NA,NA,14.0,NA,NA,NA,0.0,NA,5.0,NA,NA,NA,0.0,NA,3.0,NA,8.0,NA,19.0,9.0,NA,NA,3.0,NA,NA,0.0,NA,NA
Clayton Kershaw_LAD,NA,32.55,NA,NA,NA,NA,12.7,NA,NA,NA,NA,NA,33.75,NA,NA,NA,NA,32.15,NA,NA,NA,NA,NA,27.55,NA,NA,NA,NA,NA,12.7,NA,NA,NA,NA,31.1,NA,NA,NA,NA,NA,18.95,NA,NA,NA,NA,27.95,NA,NA,NA,NA,NA,38.95,NA
Noah Syndergaard_NYM,NA,24.5,NA,NA,NA,NA,NA,32.75,NA,NA,NA,NA,15.9,NA,NA,NA,NA,NA,24.95,NA,NA,NA,NA,NA,NA,NA,NA,NA,-6.6,NA,NA,NA,NA,NA,NA,NA,NA,NA,NA,NA,NA,NA,NA,NA,NA,NA,NA,NA,NA,NA,NA,NA,NA
Justin Verlander_DET,NA,NA,NA,NA,NA,NA,NA,NA,20.75,NA,NA,NA,NA,-8.2,NA,NA,NA,NA,NA,5.85,NA,NA,NA,NA,NA,27.55,NA,NA,NA,NA,20.95,NA,NA,NA,NA,NA,NA,19.5,NA,NA,NA,NA,12.9,NA,NA,NA,NA,NA,20.15,NA,NA,NA,NA
Corey Kluber_CLE,NA,10.1,NA,NA,NA,NA,NA,13.3,NA,NA,NA,NA,NA,16.25,NA,NA,NA,NA,NA,44.25,NA,NA,NA,NA,NA,26.55,NA,NA,NA,NA,-0.05,NA,NA,NA,NA,NA,NA,NA,NA,NA,NA,NA,NA,NA,NA,NA,NA,NA,NA,NA,NA,NA,NA
Stephen Strasburg_WSH,NA,18.15,NA,NA,NA,NA,NA,20.95,NA,NA,NA,NA,23.55,NA,NA,NA,NA,NA,30.95,NA,NA,NA,NA,NA,NA,NA,NA,10.15,NA,NA,NA,NA,NA,21.95,NA,NA,NA,NA,14.9,NA,NA,NA,NA,NA,13.3,NA,NA,NA,NA,35.65,NA,NA,NA
Yu Darvish_TEX,NA,8.85,NA,NA,NA,NA,17.3,NA,NA,NA,NA,35.55,NA,NA,NA,NA,9.0,NA,NA,NA,NA,30.4,NA,NA,NA,NA,NA,31.3,NA,NA,NA,NA,NA,17.75,NA,NA,NA,NA,15.3,NA,NA,NA,NA,NA,32.15,NA,NA,NA,NA,19.85,NA,NA,NA
Rick Porcello_BOS,NA,18.05,NA,NA,NA,NA,NA,16.3,NA,NA,NA,NA,-2.25,NA,NA,NA,NA,21.55,NA,NA,NA,NA,NA,NA,23.6,NA,NA,NA,NA,20.5,NA,NA,NA,NA,25.55,NA,NA,NA,NA,NA,16.1,NA,NA,NA,NA,10.3,NA,NA,NA,NA,NA,11.8,NA
Dallas Keuchel_HOU,NA,24.75,NA,NA,NA,NA,19.95,NA,NA,NA,NA,NA,28.15,NA,NA,NA,NA,26.35,NA,NA,NA,NA,NA,27.35,NA,NA,NA,NA,34.25,NA,NA,NA,NA,12.6,NA,NA,NA,NA,NA,31.9,NA,NA,NA,NA,16.85,NA,NA,NA,NA,NA,NA,NA,NA
Danny Duffy_KC,NA,23.9,NA,NA,NA,NA,15.15,NA,NA,NA,NA,NA,26.75,NA,NA,NA,NA,NA,22.3,NA,NA,NA,NA,-4.7,NA,NA,NA,NA,NA,NA,-1.95,NA,NA,NA,NA,12.2,NA,NA,NA,NA,17.75,NA,NA,NA,NA,NA,36.75,NA,NA,NA,NA,24.35,NA
Jose Quintana_CWS,NA,NA,NA,NA,NA,NA,NA,20.65,NA,NA,NA,NA,NA,4.35,NA,NA,NA,NA,NA,14.7,NA,NA,NA,NA,31.3,NA,NA,NA,NA,NA,32.4,NA,NA,NA,NA,4.05,NA,NA,NA,NA,NA,NA,14.35,NA,NA,NA,NA,28.8,NA,NA,NA,NA,2.35
Julio Teheran_ATL,NA,21.3,NA,NA,NA,NA,NA,19.55,NA,NA,NA,NA,16.9,NA,NA,NA,NA,-4.4,NA,NA,NA,NA,NA,NA,17.45,NA,NA,NA,NA,6.7,NA,NA,NA,NA,2.65,NA,NA,NA,NA,NA,NA,22.5,NA,NA,NA,NA,-13.25,NA,NA,NA,NA,NA,21.9
Felix Hernandez_SEA,NA,16.25,NA,NA,NA,NA,13.5,NA,NA,NA,NA,NA,20.3,NA,NA,NA,NA,11.85,NA,NA,NA,NA,NA,-4.3,NA,NA,NA,NA,NA,NA,NA,NA,NA,NA,NA,NA,NA,NA,NA,NA,NA,NA,NA,NA,NA,NA,NA,NA,NA,NA,NA,NA,NA
Jon Gray_COL,NA,8.2,NA,NA,NA,NA,7.8,NA,NA,NA,NA,6.95,NA,NA,NA,NA,NA,NA,NA,NA,NA,NA,NA,NA,NA,NA,NA,NA,NA,NA,NA,NA,NA,NA,NA,NA,NA,NA,NA,NA,NA,NA,NA,NA,NA,NA,NA,NA,NA,NA,NA,NA,NA
Gerrit Cole_PIT,NA,0.45,NA,NA,NA,NA,NA,9.5,NA,NA,NA,NA,19.3,NA,NA,NA,NA,20.7,NA,NA,NA,NA,NA,30.55,NA,NA,NA,NA,NA,19.9,NA,NA,NA,NA,27.35,NA,NA,NA,NA,16.95,NA,NA,NA,NA,NA,20.75,NA,NA,NA,NA,-2.7,NA,NA
Ervin Santana_MIN,NA,21.35,NA,NA,NA,NA,NA,23.1,NA,NA,NA,NA,NA,44.05,NA,NA,NA,NA,17.3,NA,NA,NA,NA,26.15,NA,NA,NA,NA,NA,NA,27.9,NA,NA,NA,NA,4.1,NA,NA,NA,NA,23.55,NA,NA,NA,NA,NA,6.35,NA,NA,NA,NA,38.85,NA
Marco Estrada_TOR,NA,13.3,NA,NA,NA,NA,NA,5.85,NA,NA,NA,NA,NA,26.95,NA,NA,NA,NA,24.5,NA,NA,NA,NA,23.3,NA,NA,NA,NA,NA,23.55,NA,NA,NA,NA,12.7,NA,NA,NA,NA,25.3,NA,NA,NA,NA,8.7,NA,NA,NA,NA,39.65,NA,NA,NA
Ricky Nolasco_LAA,NA,9.35,NA,NA,NA,NA,12.5,NA,NA,NA,NA,10.45,NA,NA,NA,NA,14.7,NA,NA,NA,NA,NA,NA,NA,NA,19.75,NA,NA,NA,NA,NA,8.35,NA,NA,NA,NA,28.75,NA,NA,NA,NA,10.1,NA,NA,NA,NA,NA,15.9,NA,NA,NA,NA,10.1
Jeremy Hellickson_PHI,NA,10.45,NA,NA,NA,NA,NA,14.05,NA,NA,NA,NA,NA,16.75,NA,NA,NA,NA,NA,23.35,NA,NA,NA,NA,NA,13.3,NA,NA,NA,NA,-5.6,NA,NA,NA,NA,7.7,NA,NA,NA,NA,NA,NA,3.65,NA,NA,NA,NA,17.7,NA,NA,NA,NA,-5.95
Kevin Gausman_BAL,NA,10.6,NA,NA,NA,NA,3.9,NA,NA,NA,NA,17.3,NA,NA,NA,NA,-13.2,NA,NA,NA,NA,3.4,NA,NA,NA,NA,3.5,NA,NA,NA,NA,-0.95,NA,NA,NA,NA,28.15,NA,NA,NA,NA,NA,-3.1,NA,NA,NA,NA,NA,12.9,NA,NA,NA,NA
Edinson Volquez_MIA,NA,20.25,NA,NA,NA,NA,NA,14.7,NA,NA,NA,NA,11.1,NA,NA,NA,NA,-0.65,NA,NA,NA,NA,NA,NA,NA,6.75,NA,NA,NA,NA,15.15,NA,NA,NA,NA,NA,NA,NA,NA,NA,NA,15.3,NA,NA,NA,NA,4.9,NA,NA,NA,NA,NA,6.1
Junior Guerra_MIL,NA,9.55,NA,NA,NA,NA,NA,NA,NA,NA,NA,NA,NA,NA,NA,NA,NA,NA,NA,NA,NA,NA,NA,NA,NA,NA,NA,NA,NA,NA,NA,NA,NA,NA,NA,NA,NA,NA,NA,NA,NA,NA,NA,NA,NA,NA,NA,NA,NA,NA,NA,NA,NA
Kendall Graveman_OAK,NA,22.7,NA,NA,NA,NA,25.95,NA,NA,NA,NA,NA,4.45,NA,NA,NA,NA,NA,NA,NA,NA,NA,NA,NA,NA,13.9,NA,NA,NA,NA,NA,-3.9,NA,NA,NA,NA,18.35,NA,NA,NA,NA,NA,5.0,NA,NA,NA,NA,14.1,NA,NA,NA,NA,NA
Mike Trout_LAA,NA,21.0,10.0,10.0,2.0,7.0,16.0,6.0,NA,16.0,14.0,13.0,5.0,12.0,0.0,13.0,11.0,6.0,14.0,21.0,14.0,11.0,10.0,16.0,10.0,7.0,26.0,14.0,7.0,NA,11.0,18.0,NA,7.0,NA,NA,NA,NA,NA,0.0,16.0,21.0,30.0,16.0,13.0,20.0,NA,8.0,8.0,34.0,4.0,18.0,12.0
Scott Feldman_CIN,NA,11.1,NA,NA,NA,NA,NA,26.5,NA,NA,NA,NA,7.85,NA,NA,NA,NA,NA,19.35,NA,NA,NA,NA,7.85,NA,NA,NA,NA,NA,NA,-3.2,NA,NA,NA,NA,35.65,NA,NA,NA,NA,10.95,NA,NA,NA,NA,-1.4,NA,NA,NA,NA,29.9,NA,NA
Jhoulys Chacin_SD,NA,-11.9,NA,NA,NA,NA,26.6,NA,NA,NA,NA,NA,2.05,NA,NA,NA,NA,29.6,NA,NA,NA,NA,5.5,NA,NA,NA,NA,17.05,NA,NA,NA,NA,NA,11.8,NA,NA,NA,NA,NA,NA,16.85,NA,NA,NA,NA,27.35,NA,NA,NA,NA,NA,-17.3,NA
Mookie Betts_BOS,NA,5.0,NA,NA,NA,NA,NA,6.0,0.0,6.0,0.0,5.0,18.0,0.0,19.0,10.0,26.0,3.0,23.0,5.0,0.0,25.0,NA,NA,8.0,0.0,7.0,3.0,2.0,2.0,9.0,10.0,5.0,5.0,4.0,24.0,NA,37.0,9.0,29.0,0.0,25.0,9.0,NA,16.0,11.0,5.0,5.0,0.0,13.0,NA,9.0,14.0
Manny Machado_BAL,NA,5.0,NA,3.0,NA,18.0,16.0,2.0,NA,2.0,9.0,2.0,0.0,7.0,16.0,NA,0.0,5.0,3.0,17.0,3.0,9.0,2.0,2.0,8.0,NA,30.0,9.0,10.0,18.0,14.0,0.0,26.0,3.0,21.0,9.0,0.0,3.0,14.0,NA,3.0,3.0,4.0,NA,15.0,0.0,NA,2.0,21.0,2.0,9.0,0.0,3.0
Bryce Harper_WSH,NA,16.0,NA,14.0,4.0,23.0,5.0,0.0,26.0,15.0,0.0,NA,7.0,0.0,37.0,NA,14.0,46.0,7.0,25.0,8.0,10.0,NA,16.0,22.0,22.0,3.0,0.0,27.0,NA,11.0,7.0,4.0,NA,NA,NA,21.0,2.0,10.0,NA,NA,20.0,15.0,NA,23.0,0.0,0.0,0.0,3.0,5.0,NA,14.0,4.0
Nolan Arenado_COL,NA,12.0,11.0,3.0,16.0,7.0,19.0,0.0,6.0,14.0,4.0,5.0,0.0,22.0,14.0,NA,35.0,10.0,NA,0.0,11.0,7.0,10.0,7.0,5.0,14.0,9.0,7.0,0.0,NA,8.0,11.0,2.0,3.0,21.0,NA,NA,5.0,8.0,25.0,0.0,2.0,25.0,NA,3.0,NA,5.0,21.0,2.0,5.0,16.0,3.0,7.0
Charlie Blackmon_COL,NA,7.0,10.0,4.0,0.0,2.0,11.0,23.0,3.0,16.0,8.0,0.0,3.0,7.0,14.0,NA,7.0,7.0,NA,16.0,26.0,21.0,18.0,26.0,7.0,17.0,5.0,8.0,0.0,NA,8.0,16.0,2.0,3.0,22.0,20.0,NA,NA,0.0,0.0,13.0,NA,15.0,NA,24.0,NA,0.0,16.0,15.0,5.0,23.0,32.0,9.0
Josh Donaldson_TOR,NA,11.0,NA,3.0,4.0,23.0,9.0,14.0,NA,NA,4.0,7.0,NA,NA,NA,NA,NA,NA,NA,NA,NA,NA,NA,NA,NA,NA,NA,NA,NA,NA,NA,NA,NA,NA,NA,NA,NA,NA,NA,NA,NA,NA,NA,NA,NA,NA,NA,NA,NA,NA,NA,NA,NA
Starling Marte_PIT,NA,2.0,NA,3.0,NA,14.0,7.0,27.0,3.0,10.0,0.0,2.0,5.0,28.0,0.0,0.0,NA,NA,NA,NA,NA,NA,NA,NA,NA,NA,NA,NA,NA,NA,NA,NA,NA,NA,NA,NA,NA,NA,NA,NA,NA,NA,NA,NA,NA,NA,NA,NA,NA,NA,NA,NA,NA
Trea Turner_WSH,NA,10.0,NA,0.0,8.0,0.0,8.0,NA,NA,NA,NA,NA,NA,NA,NA,NA,NA,NA,NA,NA,12.0,5.0,7.0,48.0,28.0,19.0,8.0,11.0,7.0,NA,14.0,3.0,13.0,4.0,0.0,0.0,NA,3.0,5.0,NA,NA,16.0,4.0,NA,15.0,5.0,0.0,12.0,8.0,2.0,NA,15.0,17.0
Ryan Braun_MIL,NA,2.0,19.0,9.0,NA,7.0,NA,18.0,NA,10.0,0.0,18.0,16.0,8.0,18.0,33.0,10.0,NA,2.0,17.0,2.0,10.0,9.0,0.0,14.0,NA,22.0,2.0,2.0,NA,NA,NA,NA,NA,NA,NA,NA,7.0,7.0,NA,NA,NA,NA,NA,NA,NA,NA,NA,NA,2.0,NA,2.0,NA
Carlos Gonzalez_COL,NA,0.0,7.0,0.0,5.0,6.0,NA,2.0,3.0,14.0,7.0,5.0,3.0,0.0,7.0,NA,0.0,0.0,NA,7.0,7.0,11.0,10.0,16.0,4.0,NA,10.0,6.0,3.0,NA,0.0,3.0,2.0,NA,NA,0.0,NA,NA,0.0,18.0,10.0,3.0,9.0,NA,7.0,NA,5.0,12.0,11.0,18.0,13.0,8.0,24.0
Jose Altuve_HOU,NA,3.0,3.0,0.0,3.0,0.0,3.0,13.0,4.0,17.0,19.0,NA,26.0,19.0,NA,9.0,6.0,10.0,0.0,3.0,23.0,22.0,NA,2.0,NA,NA,4.0,19.0,6.0,18.0,20.0,0.0,3.0,10.0,NA,21.0,NA,7.0,4.0,5.0,6.0,NA,6.0,23.0,11.0,28.0,NA,5.0,3.0,16.0,7.0,0.0,5.0
Jose Bautista_TOR,NA,2.0,NA,3.0,6.0,9.0,2.0,9.0,NA,4.0,3.0,7.0,0.0,7.0,2.0,NA,4.0,0.0,0.0,23.0,0.0,5.0,4.0,10.0,NA,NA,5.0,13.0,12.0,21.0,7.0,7.0,NA,0.0,0.0,0.0,2.0,8.0,24.0,4.0,16.0,23.0,6.0,15.0,2.0,24.0,14.0,9.0,24.0,2.0,NA,15.0,19.0
Andrew McCutchen_PIT,NA,0.0,NA,0.0,NA,13.0,2.0,0.0,5.0,8.0,10.0,16.0,5.0,18.0,10.0,3.0,8.0,2.0,NA,5.0,25.0,7.0,4.0,2.0,7.0,NA,12.0,4.0,7.0,16.0,4.0,16.0,3.0,0.0,0.0,NA,7.0,7.0,0.0,0.0,3.0,7.0,21.0,NA,0.0,24.0,10.0,2.0,5.0,2.0,0.0,0.0,NA
Michael Brantley_CLE,NA,5.0,8.0,NA,NA,7.0,5.0,NA,NA,11.0,2.0,19.0,NA,7.0,13.0,18.0,16.0,NA,7.0,6.0,26.0,NA,NA,14.0,16.0,0.0,NA,3.0,21.0,4.0,3.0,5.0,NA,0.0,8.0,0.0,NA,NA,NA,NA,8.0,6.0,0.0,9.0,5.0,9.0,NA,14.0,8.0,5.0,5.0,11.0,7.0
Joey Votto_CIN,NA,0.0,NA,14.0,3.0,7.0,7.0,18.0,4.0,0.0,9.0,2.0,14.0,11.0,8.0,NA,25.0,2.0,14.0,2.0,32.0,4.0,16.0,3.0,14.0,NA,19.0,NA,8.0,4.0,22.0,9.0,20.0,14.0,14.0,5.0,21.0,11.0,NA,9.0,6.0,3.0,8.0,NA,21.0,6.0,9.0,2.0,11.0,21.0,5.0,16.0,7.0
Carlos Correa_HOU,NA,16.0,2.0,6.0,2.0,5.0,4.0,8.0,9.0,0.0,10.0,NA,4.0,4.0,NA,NA,NA,NA,2.0,2.0,0.0,16.0,NA,6.0,11.0,9.0,12.0,0.0,12.0,13.0,0.0,25.0,14.0,10.0,7.0,2.0,NA,18.0,18.0,21.0,10.0,NA,9.0,6.0,14.0,NA,NA,16.0,2.0,0.0,0.0,NA,NA
Miguel Cabrera_DET,NA,NA,NA,NA,0.0,2.0,2.0,6.0,0.0,5.0,0.0,18.0,25.0,12.0,5.0,NA,14.0,19.0,0.0,11.0,NA,NA,NA,NA,NA,NA,NA,NA,NA,NA,16.0,3.0,NA,8.0,5.0,7.0,NA,11.0,2.0,5.0,3.0,0.0,0.0,NA,18.0,NA,NA,NA,16.0,13.0,2.0,5.0,5.0
Trevor Story_COL,NA,7.0,18.0,7.0,0.0,0.0,5.0,2.0,2.0,NA,2.0,16.0,4.0,4.0,0.0,NA,14.0,5.0,NA,20.0,16.0,9.0,8.0,5.0,0.0,4.0,14.0,16.0,4.0,NA,0.0,NA,NA,2.0,9.0,12.0,NA,0.0,NA,NA,NA,NA,NA,NA,NA,NA,NA,NA,NA,NA,NA,NA,11.0
Giancarlo Stanton_MIA,NA,9.0,NA,0.0,6.0,7.0,13.0,0.0,NA,2.0,34.0,9.0,NA,14.0,2.0,3.0,0.0,24.0,NA,16.0,30.0,13.0,NA,NA,2.0,7.0,7.0,0.0,8.0,0.0,7.0,9.0,0.0,11.0,17.0,32.0,16.0,6.0,8.0,NA,6.0,0.0,7.0,3.0,2.0,9.0,8.0,0.0,23.0,0.0,NA,11.0,3.0
Brian Dozier_MIN,NA,7.0,NA,19.0,10.0,2.0,8.0,5.0,NA,2.0,14.0,13.0,15.0,NA,14.0,0.0,5.0,NA,0.0,3.0,10.0,11.0,14.0,6.0,7.0,NA,0.0,NA,10.0,NA,28.0,13.0,4.0,0.0,NA,NA,NA,NA,NA,16.0,3.0,7.0,5.0,NA,14.0,NA,0.0,3.0,NA,10.0,15.0,14.0,12.0
Gregory Polanco_PIT,NA,3.0,NA,0.0,NA,0.0,25.0,5.0,3.0,9.0,NA,15.0,14.0,NA,NA,NA,2.0,2.0,NA,4.0,0.0,10.0,2.0,8.0,5.0,NA,7.0,14.0,9.0,0.0,NA,7.0,2.0,12.0,7.0,14.0,3.0,2.0,0.0,14.0,12.0,5.0,5.0,NA,NA,NA,NA,NA,NA,NA,NA,NA,NA
Edwin Encarnacion_CLE,NA,19.0,2.0,2.0,NA,5.0,0.0,8.0,NA,0.0,2.0,4.0,10.0,7.0,8.0,5.0,24.0,NA,7.0,2.0,19.0,2.0,NA,2.0,5.0,16.0,2.0,7.0,2.0,8.0,0.0,2.0,NA,19.0,5.0,5.0,8.0,6.0,9.0,NA,2.0,0.0,2.0,4.0,19.0,2.0,NA,16.0,0.0,18.0,5.0,32.0,5.0
Carlos Santana_CLE,NA,16.0,21.0,11.0,NA,7.0,7.0,0.0,NA,2.0,5.0,0.0,2.0,28.0,0.0,5.0,10.0,NA,19.0,4.0,16.0,2.0,NA,5.0,18.0,5.0,0.0,4.0,9.0,3.0,9.0,0.0,NA,0.0,17.0,13.0,12.0,2.0,8.0,NA,4.0,10.0,14.0,10.0,4.0,2.0,NA,9.0,7.0,4.0,0.0,7.0,28.0
Francisco Lindor_CLE,NA,4.0,2.0,46.0,NA,14.0,10.0,3.0,NA,20.0,10.0,7.0,9.0,13.0,6.0,7.0,17.0,NA,2.0,3.0,2.0,17.0,NA,2.0,11.0,16.0,10.0,4.0,25.0,5.0,2.0,10.0,NA,0.0,14.0,0.0,8.0,7.0,10.0,NA,0.0,2.0,15.0,16.0,5.0,5.0,NA,7.0,3.0,3.0,7.0,18.0,3.0
Daniel Murphy_WSH,NA,8.0,NA,10.0,6.0,25.0,17.0,3.0,3.0,37.0,3.0,NA,10.0,0.0,5.0,NA,0.0,6.0,NA,2.0,6.0,20.0,0.0,24.0,23.0,30.0,6.0,2.0,18.0,NA,9.0,0.0,5.0,3.0,15.0,9.0,4.0,16.0,11.0,NA,NA,7.0,2.0,NA,NA,5.0,17.0,19.0,3.0,17.0,NA,5.0,7.0
Troy Tulowitzki_TOR,NA,0.0,NA,0.0,0.0,27.0,5.0,2.0,NA,16.0,2.0,6.0,7.0,3.0,10.0,NA,6.0,5.0,NA,7.0,NA,NA,NA,NA,NA,NA,NA,NA,NA,NA,NA,NA,NA,NA,NA,NA,NA,NA,NA,NA,NA,NA,NA,NA,NA,NA,NA,NA,NA,NA,NA,NA,NA
Hanley Ramirez_BOS,NA,3.0,NA,5.0,NA,NA,NA,NA,NA,7.0,12.0,11.0,7.0,0.0,8.0,7.0,9.0,0.0,0.0,3.0,0.0,14.0,NA,NA,5.0,6.0,10.0,14.0,20.0,7.0,28.0,2.0,8.0,2.0,7.0,17.0,NA,NA,0.0,NA,NA,NA,3.0,NA,NA,NA,5.0,3.0,17.0,21.0,NA,6.0,2.0
Xander Bogaerts_BOS,NA,16.0,NA,0.0,NA,NA,NA,NA,NA,4.0,15.0,8.0,13.0,3.0,7.0,0.0,8.0,5.0,5.0,NA,5.0,12.0,NA,NA,0.0,3.0,5.0,10.0,9.0,10.0,8.0,14.0,5.0,3.0,13.0,25.0,NA,7.0,12.0,16.0,10.0,2.0,9.0,NA,10.0,22.0,2.0,9.0,0.0,14.0,NA,25.0,10.0
Rougned Odor_TEX,NA,32.0,3.0,3.0,NA,21.0,5.0,2.0,NA,4.0,12.0,3.0,0.0,0.0,7.0,3.0,3.0,2.0,5.0,0.0,10.0,0.0,7.0,0.0,16.0,NA,0.0,16.0,3.0,0.0,0.0,10.0,16.0,16.0,0.0,5.0,0.0,10.0,5.0,10.0,14.0,5.0,9.0,NA,11.0,5.0,7.0,5.0,2.0,5.0,NA,10.0,3.0
Nelson Cruz_SEA,NA,2.0,0.0,7.0,2.0,5.0,2.0,2.0,15.0,3.0,3.0,NA,16.0,11.0,10.0,14.0,2.0,12.0,7.0,12.0,9.0,33.0,NA,24.0,21.0,7.0,NA,16.0,21.0,NA,5.0,11.0,12.0,6.0,11.0,0.0,NA,NA,NA,21.0,0.0,6.0,4.0,18.0,19.0,4.0,3.0,0.0,0.0,14.0,NA,0.0,NA
Robinson Cano_SEA,NA,3.0,7.0,2.0,3.0,3.0,3.0,27.0,11.0,7.0,7.0,NA,2.0,2.0,3.0,23.0,2.0,14.0,5.0,0.0,22.0,14.0,NA,5.0,9.0,0.0,16.0,7.0,7.0,NA,15.0,16.0,2.0,23.0,5.0,3.0,NA,21.0,31.0,NA,NA,NA,NA,NA,NA,NA,NA,NA,NA,NA,NA,0.0,13.0
George Springer_HOU,NA,14.0,5.0,27.0,16.0,2.0,2.0,19.0,0.0,17.0,5.0,NA,3.0,22.0,NA,5.0,17.0,0.0,0.0,9.0,2.0,NA,NA,NA,NA,NA,14.0,0.0,10.0,8.0,7.0,14.0,NA,9.0,5.0,7.0,NA,7.0,7.0,7.0,7.0,NA,7.0,2.0,NA,14.0,NA,0.0,3.0,2.0,4.0,2.0,5.0
Corey Seager_LAD,NA,21.0,0.0,7.0,21.0,NA,0.0,23.0,7.0,NA,5.0,3.0,14.0,18.0,0.0,0.0,7.0,5.0,NA,24.0,NA,16.0,3.0,12.0,17.0,18.0,8.0,8.0,NA,2.0,9.0,0.0,NA,7.0,3.0,NA,7.0,7.0,7.0,7.0,12.0,0.0,20.0,5.0,NA,12.0,7.0,14.0,25.0,2.0,NA,2.0,7.0
Chris Davis_BAL,NA,5.0,NA,14.0,NA,3.0,11.0,6.0,NA,7.0,24.0,0.0,23.0,0.0,7.0,NA,5.0,0.0,0.0,3.0,7.0,7.0,4.0,5.0,9.0,NA,4.0,0.0,NA,2.0,2.0,5.0,5.0,24.0,3.0,4.0,4.0,7.0,5.0,NA,NA,14.0,27.0,NA,43.0,7.0,18.0,0.0,5.0,0.0,2.0,0.0,14.0
Adam Jones_BAL,NA,9.0,NA,16.0,NA,9.0,7.0,5.0,NA,5.0,17.0,0.0,10.0,3.0,7.0,NA,18.0,5.0,0.0,5.0,10.0,8.0,26.0,0.0,3.0,NA,12.0,6.0,11.0,2.0,0.0,0.0,8.0,0.0,5.0,9.0,0.0,19.0,7.0,NA,3.0,3.0,NA,NA,15.0,3.0,19.0,0.0,7.0,20.0,18.0,0.0,0.0
DJ LeMahieu_COL,NA,0.0,5.0,4.0,0.0,5.0,0.0,NA,21.0,0.0,2.0,15.0,6.0,8.0,10.0,NA,2.0,10.0,NA,2.0,15.0,0.0,3.0,19.0,4.0,2.0,NA,14.0,2.0,NA,2.0,12.0,6.0,3.0,13.0,2.0,NA,0.0,3.0,4.0,8.0,9.0,11.0,NA,3.0,NA,0.0,27.0,11.0,27.0,5.0,2.0,7.0
Jonathan Villar_MIL,NA,13.0,0.0,19.0,0.0,0.0,22.0,0.0,NA,0.0,17.0,2.0,28.0,4.0,NA,0.0,0.0,5.0,10.0,6.0,5.0,11.0,4.0,16.0,8.0,NA,5.0,17.0,0.0,23.0,0.0,NA,0.0,8.0,0.0,10.0,NA,9.0,NA,10.0,9.0,15.0,23.0,2.0,0.0,NA,NA,2.0,NA,20.0,NA,24.0,7.0
Jose Ramirez_CLE,NA,18.0,2.0,7.0,NA,0.0,NA,NA,NA,7.0,2.0,13.0,8.0,46.0,9.0,6.0,21.0,NA,13.0,0.0,19.0,3.0,NA,8.0,9.0,9.0,14.0,11.0,7.0,0.0,9.0,18.0,NA,2.0,3.0,0.0,3.0,7.0,7.0,NA,0.0,0.0,5.0,13.0,3.0,3.0,NA,13.0,0.0,NA,5.0,0.0,0.0
Ian Kinsler_DET,NA,NA,NA,NA,2.0,7.0,5.0,14.0,16.0,2.0,2.0,NA,5.0,4.0,4.0,NA,0.0,18.0,16.0,0.0,5.0,8.0,NA,26.0,0.0,0.0,4.0,10.0,0.0,9.0,7.0,0.0,NA,NA,NA,NA,NA,NA,NA,15.0,0.0,5.0,7.0,NA,17.0,8.0,3.0,3.0,10.0,14.0,0.0,2.0,12.0
Mark Trumbo_BAL,NA,21.0,NA,0.0,NA,0.0,14.0,12.0,NA,0.0,12.0,0.0,2.0,0.0,10.0,NA,6.0,10.0,7.0,3.0,2.0,0.0,0.0,0.0,0.0,NA,26.0,4.0,11.0,10.0,0.0,4.0,10.0,8.0,10.0,3.0,16.0,7.0,19.0,NA,5.0,0.0,3.0,NA,29.0,9.0,0.0,15.0,26.0,6.0,10.0,2.0,2.0
Jackie Bradley Jr._BOS,NA,12.0,NA,15.0,NA,7.0,2.0,NA,NA,NA,NA,NA,NA,NA,NA,NA,NA,NA,NA,3.0,21.0,0.0,NA,NA,2.0,0.0,5.0,5.0,0.0,2.0,2.0,NA,3.0,0.0,NA,NA,NA,NA,17.0,0.0,0.0,10.0,0.0,NA,21.0,21.0,7.0,2.0,NA,14.0,NA,2.0,NA
Yoenis Cespedes_NYM,NA,4.0,NA,5.0,9.0,14.0,2.0,5.0,0.0,51.0,11.0,32.0,NA,0.0,5.0,NA,7.0,9.0,5.0,NA,NA,NA,NA,NA,3.0,5.0,NA,NA,NA,NA,NA,NA,NA,NA,NA,NA,NA,NA,NA,NA,NA,NA,NA,NA,NA,NA,NA,NA,NA,NA,NA,NA,NA
Shin-Soo Choo_TEX,NA,3.0,3.0,8.0,NA,12.0,0.0,NA,NA,5.0,3.0,10.0,0.0,NA,29.0,8.0,0.0,2.0,NA,9.0,5.0,8.0,2.0,5.0,33.0,NA,NA,8.0,14.0,0.0,3.0,2.0,7.0,3.0,0.0,5.0,21.0,15.0,20.0,0.0,2.0,4.0,NA,NA,NA,17.0,11.0,2.0,4.0,NA,NA,12.0,5.0
Odubel Herrera_PHI,NA,9.0,NA,8.0,12.0,10.0,11.0,3.0,5.0,3.0,4.0,NA,2.0,7.0,NA,NA,19.0,5.0,7.0,3.0,8.0,14.0,NA,NA,5.0,7.0,3.0,9.0,NA,8.0,0.0,7.0,8.0,9.0,2.0,12.0,NA,14.0,5.0,NA,NA,0.0,8.0,NA,3.0,0.0,0.0,3.0,0.0,3.0,0.0,8.0,0.0
Maikel Franco_PHI,NA,7.0,NA,3.0,0.0,0.0,11.0,4.0,8.0,16.0,23.0,NA,0.0,2.0,0.0,NA,2.0,2.0,23.0,4.0,12.0,0.0,NA,NA,26.0,8.0,2.0,10.0,0.0,6.0,2.0,17.0,21.0,3.0,2.0,2.0,NA,0.0,NA,NA,NA,3.0,NA,NA,7.0,5.0,16.0,10.0,5.0,5.0,0.0,NA,NA
Jean Segura_SEA,NA,6.0,0.0,19.0,13.0,7.0,13.0,16.0,0.0,NA,NA,NA,NA,NA,NA,NA,NA,NA,NA,NA,NA,NA,NA,26.0,19.0,3.0,5.0,0.0,7.0,NA,12.0,28.0,16.0,11.0,13.0,10.0,NA,15.0,3.0,14.0,3.0,8.0,8.0,9.0,5.0,9.0,22.0,0.0,2.0,3.0,NA,6.0,0.0
Dee Gordon_MIA,NA,0.0,NA,12.0,8.0,10.0,NA,9.0,NA,11.0,7.0,11.0,18.0,0.0,11.0,3.0,7.0,7.0,NA,0.0,12.0,10.0,NA,NA,10.0,3.0,NA,0.0,15.0,27.0,2.0,NA,15.0,7.0,12.0,0.0,2.0,3.0,22.0,NA,0.0,0.0,0.0,6.0,5.0,7.0,2.0,8.0,15.0,10.0,NA,25.0,5.0
Christian Yelich_MIA,NA,0.0,NA,8.0,10.0,21.0,7.0,0.0,NA,22.0,2.0,15.0,2.0,16.0,7.0,17.0,10.0,24.0,NA,0.0,2.0,14.0,NA,NA,2.0,8.0,16.0,0.0,10.0,2.0,0.0,10.0,4.0,9.0,NA,11.0,8.0,0.0,19.0,NA,6.0,3.0,7.0,5.0,0.0,0.0,16.0,0.0,6.0,4.0,NA,5.0,NA
Todd Frazier_CWS,NA,NA,NA,NA,4.0,0.0,14.0,4.0,NA,19.0,NA,NA,0.0,0.0,NA,NA,NA,NA,NA,0.0,0.0,10.0,11.0,24.0,7.0,NA,16.0,9.0,16.0,9.0,7.0,0.0,NA,NA,0.0,6.0,NA,2.0,NA,4.0,0.0,11.0,6.0,0.0,7.0,6.0,19.0,0.0,12.0,8.0,2.0,18.0,4.0
Kendrys Morales_TOR,NA,4.0,NA,3.0,20.0,11.0,3.0,7.0,NA,11.0,0.0,4.0,5.0,16.0,0.0,NA,7.0,2.0,17.0,6.0,6.0,5.0,0.0,2.0,NA,18.0,0.0,0.0,12.0,6.0,0.0,5.0,NA,41.0,8.0,0.0,9.0,0.0,NA,NA,NA,14.0,3.0,4.0,3.0,NA,22.0,6.0,0.0,5.0,NA,16.0,NA
Dustin Pedroia_BOS,NA,7.0,NA,5.0,NA,6.0,5.0,3.0,3.0,14.0,3.0,4.0,10.0,5.0,0.0,9.0,NA,0.0,5.0,5.0,NA,NA,NA,NA,NA,0.0,10.0,9.0,5.0,0.0,7.0,5.0,16.0,5.0,22.0,18.0,NA,13.0,8.0,8.0,0.0,5.0,7.0,NA,5.0,4.0,8.0,3.0,8.0,10.0,NA,16.0,11.0
Jonathan Lucroy_TEX,NA,0.0,NA,5.0,NA,3.0,0.0,NA,NA,24.0,7.0,NA,0.0,3.0,11.0,0.0,0.0,NA,5.0,NA,2.0,NA,3.0,3.0,NA,NA,3.0,7.0,NA,2.0,22.0,2.0,NA,2.0,NA,10.0,0.0,NA,8.0,9.0,6.0,NA,3.0,NA,10.0,11.0,NA,5.0,14.0,12.0,NA,5.0,0.0
Billy Hamilton_CIN,NA,10.0,NA,7.0,3.0,13.0,NA,7.0,23.0,5.0,7.0,10.0,0.0,0.0,2.0,NA,17.0,7.0,0.0,5.0,NA,15.0,10.0,0.0,3.0,NA,3.0,NA,7.0,27.0,14.0,18.0,10.0,40.0,29.0,12.0,5.0,12.0,NA,10.0,2.0,NA,6.0,NA,8.0,10.0,14.0,12.0,12.0,12.0,8.0,9.0,2.0
Adam Eaton_WSH,NA,16.0,NA,11.0,14.0,16.0,2.0,5.0,23.0,5.0,10.0,NA,2.0,NA,15.0,NA,5.0,21.0,0.0,0.0,12.0,6.0,12.0,14.0,9.0,29.0,6.0,NA,NA,NA,NA,NA,NA,NA,NA,NA,NA,NA,NA,NA,NA,NA,NA,NA,NA,NA,NA,NA,NA,NA,NA,NA,NA
Miguel Sano_MIN,NA,20.0,NA,20.0,12.0,7.0,2.0,21.0,NA,7.0,2.0,26.0,4.0,11.0,0.0,5.0,14.0,NA,4.0,6.0,5.0,7.0,0.0,24.0,9.0,NA,27.0,NA,28.0,NA,20.0,9.0,2.0,17.0,3.0,2.0,NA,NA,NA,20.0,16.0,6.0,7.0,NA,0.0,NA,3.0,6.0,NA,16.0,31.0,0.0,2.0
Jose Abreu_CWS,NA,NA,NA,NA,8.0,5.0,0.0,5.0,NA,0.0,0.0,14.0,2.0,0.0,4.0,0.0,0.0,15.0,NA,0.0,2.0,12.0,12.0,8.0,14.0,NA,NA,32.0,13.0,0.0,5.0,14.0,23.0,11.0,19.0,2.0,NA,7.0,NA,0.0,0.0,7.0,8.0,16.0,5.0,21.0,0.0,20.0,14.0,7.0,5.0,19.0,31.0
Justin Upton_DET,NA,NA,NA,NA,9.0,6.0,0.0,5.0,NA,4.0,9.0,16.0,5.0,28.0,0.0,NA,3.0,NA,NA,7.0,21.0,13.0,NA,25.0,3.0,0.0,7.0,12.0,21.0,9.0,9.0,3.0,NA,7.0,4.0,3.0,NA,16.0,5.0,18.0,7.0,16.0,0.0,NA,6.0,5.0,5.0,11.0,0.0,2.0,NA,0.0,0.0
Devon Travis_TOR,NA,6.0,NA,5.0,NA,4.0,0.0,0.0,NA,4.0,0.0,0.0,5.0,NA,NA,NA,4.0,0.0,3.0,NA,3.0,23.0,0.0,NA,NA,NA,7.0,NA,0.0,12.0,12.0,0.0,NA,7.0,0.0,0.0,7.0,NA,5.0,8.0,4.0,NA,10.0,19.0,21.0,7.0,NA,13.0,8.0,21.0,NA,5.0,14.0
Jose Reyes_NYM,NA,4.0,NA,0.0,5.0,0.0,NA,0.0,0.0,7.0,0.0,NA,7.0,2.0,2.0,NA,5.0,2.0,10.0,0.0,NA,3.0,NA,NA,10.0,21.0,19.0,19.0,10.0,16.0,2.0,22.0,NA,7.0,10.0,0.0,2.0,7.0,9.0,NA,NA,NA,8.0,4.0,0.0,17.0,NA,0.0,20.0,NA,NA,5.0,6.0
Carlos Gomez_TEX,NA,16.0,0.0,4.0,NA,20.0,0.0,2.0,NA,0.0,16.0,14.0,6.0,2.0,2.0,20.0,0.0,2.0,5.0,3.0,9.0,5.0,8.0,2.0,17.0,NA,2.0,36.0,12.0,0.0,5.0,NA,14.0,2.0,3.0,2.0,7.0,6.0,0.0,8.0,14.0,5.0,18.0,NA,NA,NA,NA,NA,NA,NA,NA,NA,NA
Adam Duvall_CIN,NA,8.0,NA,7.0,21.0,0.0,0.0,26.0,16.0,21.0,7.0,0.0,0.0,NA,4.0,NA,27.0,0.0,0.0,19.0,5.0,NA,0.0,14.0,16.0,NA,0.0,NA,24.0,20.0,2.0,8.0,15.0,10.0,23.0,NA,5.0,5.0,NA,3.0,4.0,3.0,5.0,NA,0.0,10.0,7.0,5.0,18.0,2.0,5.0,14.0,16.0
Kyle Seager_SEA,NA,4.0,5.0,8.0,5.0,0.0,7.0,2.0,10.0,5.0,7.0,NA,8.0,9.0,7.0,2.0,0.0,20.0,0.0,5.0,NA,NA,NA,NA,NA,12.0,0.0,16.0,5.0,NA,2.0,5.0,10.0,5.0,6.0,21.0,NA,12.0,8.0,3.0,3.0,0.0,3.0,16.0,14.0,5.0,0.0,0.0,3.0,5.0,NA,6.0,7.0
Yasiel Puig_LAD,NA,11.0,0.0,17.0,43.0,2.0,8.0,0.0,2.0,NA,3.0,5.0,9.0,33.0,7.0,2.0,3.0,0.0,NA,0.0,7.0,0.0,3.0,7.0,8.0,0.0,NA,14.0,0.0,0.0,21.0,2.0,NA,13.0,5.0,NA,17.0,8.0,3.0,2.0,9.0,NA,19.0,2.0,0.0,12.0,22.0,4.0,NA,NA,NA,0.0,0.0
Lorenzo Cain_KC,NA,9.0,NA,7.0,7.0,10.0,9.0,0.0,12.0,NA,13.0,17.0,12.0,6.0,2.0,NA,6.0,10.0,10.0,9.0,3.0,NA,0.0,6.0,0.0,NA,3.0,NA,14.0,4.0,0.0,15.0,11.0,5.0,10.0,7.0,17.0,14.0,6.0,NA,17.0,7.0,9.0,NA,0.0,8.0,0.0,3.0,NA,7.0,0.0,16.0,0.0
Melky Cabrera_CWS,NA,NA,NA,NA,9.0,6.0,2.0,4.0,NA,0.0,3.0,14.0,NA,NA,NA,8.0,2.0,3.0,NA,3.0,0.0,7.0,13.0,4.0,5.0,NA,6.0,14.0,10.0,0.0,3.0,5.0,10.0,9.0,2.0,5.0,NA,0.0,NA,18.0,0.0,5.0,NA,3.0,5.0,10.0,0.0,7.0,14.0,9.0,0.0,17.0,9.0
Russell Martin_TOR,NA,4.0,NA,2.0,4.0,NA,6.0,0.0,NA,0.0,5.0,2.0,10.0,NA,5.0,NA,18.0,2.0,NA,13.0,NA,4.0,19.0,5.0,NA,NA,NA,10.0,7.0,NA,2.0,6.0,NA,8.0,NA,5.0,NA,NA,NA,NA,NA,NA,NA,NA,NA,NA,NA,NA,3.0,3.0,NA,7.0,0.0
Jonathan Schoop_BAL,NA,0.0,NA,5.0,NA,7.0,2.0,2.0,NA,2.0,19.0,14.0,17.0,7.0,10.0,NA,5.0,5.0,14.0,2.0,19.0,2.0,16.0,5.0,8.0,NA,7.0,5.0,7.0,8.0,4.0,7.0,11.0,4.0,NA,NA,7.0,14.0,9.0,NA,3.0,0.0,5.0,NA,4.0,12.0,5.0,4.0,3.0,0.0,3.0,5.0,14.0
Keon Broxton_MIL,NA,7.0,2.0,NA,2.0,NA,NA,0.0,NA,24.0,7.0,3.0,4.0,0.0,NA,0.0,0.0,0.0,NA,12.0,8.0,10.0,0.0,23.0,NA,NA,9.0,NA,8.0,3.0,NA,NA,27.0,5.0,2.0,12.0,NA,42.0,12.0,5.0,5.0,15.0,16.0,0.0,5.0,3.0,15.0,5.0,NA,10.0,NA,NA,14.0
Freddie Freeman_ATL,NA,14.0,NA,2.0,0.0,5.0,5.0,43.0,NA,5.0,16.0,NA,12.0,5.0,8.0,40.0,10.0,23.0,0.0,14.0,16.0,4.0,NA,NA,10.0,16.0,16.0,22.0,16.0,11.0,20.0,5.0,NA,4.0,0.0,25.0,NA,0.0,16.0,NA,11.0,14.0,6.0,20.0,23.0,6.0,NA,NA,NA,NA,NA,NA,NA
Mike Napoli_TEX,NA,4.0,9.0,0.0,NA,0.0,14.0,2.0,NA,8.0,21.0,0.0,2.0,0.0,7.0,9.0,0.0,3.0,4.0,5.0,14.0,NA,11.0,0.0,0.0,NA,5.0,0.0,NA,19.0,0.0,3.0,9.0,0.0,19.0,5.0,0.0,NA,4.0,34.0,2.0,3.0,0.0,NA,24.0,6.0,NA,14.0,0.0,21.0,NA,3.0,17.0
Elvis Andrus_TEX,NA,13.0,2.0,17.0,NA,7.0,0.0,5.0,NA,21.0,19.0,17.0,11.0,0.0,3.0,3.0,20.0,0.0,0.0,NA,5.0,5.0,8.0,0.0,14.0,NA,12.0,3.0,2.0,12.0,18.0,2.0,19.0,18.0,0.0,3.0,4.0,7.0,3.0,5.0,0.0,19.0,19.0,NA,0.0,6.0,11.0,4.0,5.0,8.0,NA,0.0,2.0
Tyler Naquin_CLE,NA,5.0,NA,NA,NA,12.0,0.0,NA,NA,0.0,NA,NA,NA,NA,NA,NA,NA,NA,NA,NA,NA,NA,NA,NA,NA,NA,NA,NA,NA,NA,NA,NA,NA,NA,NA,NA,NA,NA,NA,NA,NA,NA,NA,NA,NA,NA,NA,NA,NA,NA,NA,NA,NA
Steve Pearce_TOR,NA,11.0,NA,0.0,0.0,NA,0.0,NA,NA,4.0,3.0,NA,0.0,NA,3.0,NA,7.0,NA,2.0,NA,3.0,NA,NA,NA,NA,3.0,3.0,NA,0.0,NA,36.0,20.0,NA,0.0,NA,2.0,0.0,NA,4.0,18.0,5.0,NA,5.0,NA,NA,NA,NA,NA,NA,NA,NA,NA,NA
Kevin Pillar_TOR,NA,7.0,NA,3.0,3.0,6.0,3.0,0.0,NA,0.0,3.0,5.0,8.0,3.0,21.0,NA,17.0,19.0,3.0,5.0,16.0,16.0,2.0,16.0,NA,7.0,33.0,0.0,0.0,10.0,8.0,7.0,NA,15.0,0.0,17.0,4.0,3.0,4.0,9.0,15.0,22.0,16.0,5.0,21.0,0.0,NA,NA,15.0,5.0,NA,3.0,14.0
Josh Harrison_PIT,NA,7.0,NA,3.0,NA,5.0,5.0,NA,NA,6.0,7.0,0.0,11.0,14.0,11.0,4.0,3.0,3.0,NA,8.0,NA,6.0,12.0,3.0,21.0,NA,15.0,0.0,7.0,28.0,20.0,7.0,3.0,0.0,8.0,NA,0.0,0.0,13.0,2.0,5.0,10.0,2.0,NA,19.0,NA,6.0,5.0,12.0,8.0,3.0,9.0,12.0
Khris Davis_OAK,NA,31.0,2.0,5.0,11.0,14.0,7.0,8.0,16.0,NA,8.0,0.0,14.0,22.0,NA,0.0,2.0,23.0,11.0,2.0,6.0,NA,NA,2.0,9.0,2.0,32.0,14.0,4.0,NA,2.0,3.0,7.0,3.0,0.0,8.0,0.0,2.0,5.0,NA,0.0,0.0,NA,18.0,2.0,0.0,19.0,7.0,19.0,0.0,NA,13.0,16.0
Eric Thames_MIL,NA,13.0,NA,17.0,5.0,NA,5.0,9.0,NA,NA,5.0,23.0,21.0,32.0,18.0,26.0,17.0,8.0,21.0,0.0,6.0,5.0,36.0,18.0,11.0,NA,7.0,2.0,3.0,11.0,0.0,NA,7.0,0.0,3.0,26.0,NA,19.0,17.0,NA,2.0,6.0,13.0,NA,NA,NA,NA,11.0,NA,2.0,NA,12.0,2.0
Gerardo Parra_COL,NA,8.0,19.0,5.0,0.0,NA,17.0,11.0,5.0,0.0,2.0,NA,NA,NA,NA,NA,NA,0.0,NA,7.0,NA,23.0,5.0,14.0,9.0,5.0,0.0,0.0,NA,NA,0.0,5.0,NA,11.0,5.0,NA,NA,0.0,NA,NA,NA,3.0,NA,NA,18.0,NA,3.0,NA,NA,NA,2.0,21.0,5.0
Domingo Santana_MIL,NA,9.0,11.0,NA,0.0,0.0,NA,16.0,NA,19.0,10.0,8.0,7.0,6.0,NA,10.0,4.0,NA,3.0,0.0,0.0,NA,13.0,0.0,NA,NA,NA,6.0,32.0,10.0,5.0,NA,7.0,NA,5.0,0.0,NA,10.0,15.0,0.0,7.0,13.0,NA,17.0,7.0,5.0,2.0,11.0,NA,NA,NA,2.0,20.0
Cesar Hernandez_PHI,NA,14.0,NA,0.0,5.0,9.0,23.0,12.0,5.0,10.0,8.0,NA,5.0,21.0,29.0,NA,11.0,5.0,2.0,15.0,10.0,19.0,NA,NA,0.0,NA,5.0,8.0,12.0,15.0,2.0,3.0,21.0,5.0,6.0,5.0,NA,14.0,6.0,NA,NA,14.0,0.0,NA,2.0,5.0,0.0,9.0,10.0,0.0,0.0,5.0,5.0
Nomar Mazara_TEX,NA,10.0,10.0,24.0,NA,32.0,0.0,6.0,NA,8.0,7.0,16.0,5.0,0.0,19.0,23.0,2.0,0.0,0.0,2.0,2.0,6.0,0.0,0.0,NA,NA,0.0,9.0,5.0,3.0,23.0,5.0,7.0,4.0,2.0,NA,NA,11.0,9.0,NA,3.0,14.0,8.0,NA,17.0,11.0,16.0,NA,9.0,12.0,NA,6.0,NA
Michael Saunders_PHI,NA,9.0,NA,NA,0.0,0.0,26.0,0.0,8.0,2.0,2.0,NA,6.0,3.0,NA,NA,8.0,10.0,NA,7.0,0.0,NA,NA,NA,18.0,5.0,3.0,5.0,0.0,17.0,7.0,NA,4.0,8.0,0.0,5.0,NA,18.0,0.0,NA,NA,7.0,16.0,NA,2.0,19.0,10.0,NA,0.0,0.0,0.0,NA,18.0
Alex Bregman_HOU,NA,12.0,0.0,7.0,NA,5.0,3.0,0.0,3.0,8.0,12.0,NA,8.0,16.0,NA,8.0,0.0,9.0,5.0,5.0,5.0,5.0,NA,3.0,2.0,7.0,5.0,3.0,NA,7.0,5.0,10.0,7.0,NA,3.0,9.0,NA,12.0,0.0,8.0,12.0,NA,0.0,5.0,NA,5.0,NA,5.0,0.0,14.0,3.0,0.0,27.0
Adrian Gonzalez_LAD,NA,13.0,3.0,11.0,5.0,NA,8.0,11.0,0.0,NA,3.0,NA,5.0,2.0,3.0,NA,6.0,7.0,NA,0.0,NA,16.0,0.0,7.0,2.0,NA,3.0,8.0,3.0,3.0,NA,0.0,NA,NA,NA,NA,NA,NA,NA,NA,NA,NA,NA,NA,NA,NA,5.0,NA,0.0,19.0,NA,0.0,5.0
Wil Myers_SD,NA,2.0,10.0,8.0,16.0,12.0,0.0,19.0,34.0,10.0,18.0,NA,3.0,5.0,3.0,6.0,5.0,3.0,17.0,2.0,13.0,3.0,18.0,7.0,0.0,7.0,0.0,31.0,18.0,NA,9.0,10.0,13.0,2.0,2.0,NA,5.0,3.0,14.0,3.0,16.0,16.0,7.0,7.0,14.0,8.0,2.0,0.0,0.0,6.0,NA,0.0,12.0
Eric Hosmer_KC,NA,0.0,NA,3.0,3.0,3.0,16.0,3.0,2.0,NA,5.0,2.0,5.0,7.0,3.0,NA,5.0,7.0,4.0,5.0,0.0,6.0,0.0,3.0,14.0,NA,9.0,NA,5.0,16.0,3.0,12.0,10.0,24.0,5.0,6.0,25.0,11.0,5.0,0.0,10.0,14.0,10.0,NA,5.0,7.0,4.0,11.0,NA,12.0,5.0,0.0,2.0
Max Kepler_MIN,NA,5.0,NA,7.0,12.0,0.0,3.0,0.0,NA,NA,7.0,27.0,7.0,17.0,8.0,5.0,7.0,NA,10.0,4.0,2.0,16.0,NA,5.0,NA,NA,9.0,NA,16.0,NA,12.0,4.0,NA,3.0,0.0,NA,NA,9.0,NA,NA,0.0,16.0,6.0,NA,NA,NA,12.0,7.0,NA,8.0,32.0,5.0,11.0
Welington Castillo_BAL,NA,8.0,NA,3.0,NA,0.0,7.0,NA,NA,6.0,19.0,5.0,NA,3.0,0.0,NA,10.0,5.0,NA,0.0,NA,7.0,7.0,NA,6.0,NA,20.0,NA,11.0,NA,NA,NA,NA,NA,NA,NA,NA,NA,NA,NA,NA,NA,NA,NA,19.0,11.0,NA,35.0,20.0,0.0,2.0,3.0,NA
Pablo Sandoval_BOS,NA,7.0,NA,4.0,NA,23.0,0.0,0.0,2.0,6.0,16.0,NA,3.0,0.0,16.0,NA,15.0,6.0,3.0,0.0,3.0,2.0,NA,NA,NA,NA,NA,NA,NA,NA,NA,NA,NA,NA,NA,NA,NA,NA,NA,NA,NA,NA,NA,NA,NA,NA,NA,NA,NA,NA,NA,NA,NA
Albert Pujols_LAA,NA,2.0,0.0,5.0,2.0,2.0,13.0,21.0,NA,9.0,0.0,5.0,3.0,5.0,2.0,NA,18.0,0.0,0.0,17.0,5.0,15.0,5.0,3.0,8.0,7.0,18.0,2.0,2.0,NA,10.0,5.0,5.0,14.0,3.0,2.0,6.0,14.0,NA,0.0,3.0,7.0,NA,0.0,14.0,14.0,NA,NA,NA,NA,2.0,5.0,18.0
Andrew Benintendi_BOS,NA,18.0,NA,3.0,NA,13.0,3.0,5.0,2.0,11.0,8.0,5.0,14.0,0.0,17.0,13.0,12.0,5.0,12.0,0.0,NA,19.0,NA,NA,4.0,0.0,14.0,16.0,10.0,7.0,5.0,0.0,0.0,17.0,17.0,34.0,NA,17.0,2.0,0.0,2.0,2.0,0.0,NA,6.0,2.0,NA,10.0,0.0,19.0,NA,17.0,7.0
Curtis Granderson_NYM,NA,5.0,NA,0.0,3.0,10.0,0.0,NA,3.0,13.0,NA,5.0,4.0,12.0,0.0,NA,NA,0.0,0.0,21.0,0.0,0.0,NA,NA,0.0,7.0,0.0,0.0,0.0,4.0,NA,18.0,NA,18.0,8.0,0.0,NA,0.0,9.0,NA,7.0,5.0,2.0,7.0,18.0,NA,NA,7.0,2.0,19.0,NA,2.0,7.0
Joey Gallo_TEX,NA,7.0,19.0,4.0,NA,4.0,0.0,25.0,NA,2.0,16.0,12.0,5.0,5.0,0.0,4.0,0.0,16.0,7.0,30.0,2.0,18.0,12.0,14.0,15.0,NA,0.0,0.0,8.0,2.0,14.0,0.0,23.0,0.0,14.0,NA,0.0,25.0,2.0,NA,20.0,8.0,2.0,NA,0.0,9.0,2.0,16.0,2.0,NA,NA,21.0,5.0
Tommy Joseph_PHI,NA,0.0,NA,0.0,NA,4.0,14.0,7.0,NA,0.0,5.0,NA,16.0,3.0,5.0,NA,7.0,0.0,15.0,5.0,2.0,NA,NA,NA,5.0,NA,0.0,NA,0.0,22.0,9.0,NA,7.0,10.0,6.0,0.0,NA,22.0,24.0,NA,NA,14.0,NA,NA,3.0,10.0,16.0,5.0,0.0,NA,5.0,5.0,0.0
Jose Peraza_CIN,NA,6.0,NA,0.0,10.0,0.0,NA,9.0,13.0,12.0,22.0,8.0,0.0,0.0,NA,NA,20.0,0.0,0.0,7.0,10.0,0.0,5.0,6.0,3.0,NA,NA,NA,8.0,3.0,3.0,13.0,5.0,29.0,4.0,0.0,0.0,5.0,NA,0.0,NA,7.0,13.0,NA,10.0,3.0,5.0,16.0,5.0,17.0,5.0,12.0,3.0
Joe Mauer_MIN,NA,6.0,NA,7.0,0.0,NA,5.0,5.0,NA,NA,7.0,7.0,0.0,7.0,3.0,6.0,5.0,NA,7.0,4.0,NA,3.0,3.0,10.0,NA,NA,9.0,NA,2.0,NA,16.0,9.0,NA,23.0,3.0,NA,NA,10.0,NA,7.0,3.0,8.0,5.0,NA,NA,NA,7.0,7.0,NA,11.0,21.0,0.0,NA
Carlos Beltran_HOU,NA,0.0,0.0,6.0,3.0,10.0,10.0,NA,3.0,8.0,14.0,NA,5.0,2.0,NA,0.0,3.0,NA,14.0,19.0,0.0,9.0,NA,0.0,2.0,NA,9.0,5.0,NA,0.0,15.0,0.0,NA,14.0,7.0,0.0,NA,21.0,9.0,0.0,3.0,NA,12.0,NA,4.0,NA,NA,5.0,0.0,20.0,5.0,0.0,0.0
Nick Castellanos_DET,NA,NA,NA,NA,7.0,12.0,0.0,21.0,5.0,3.0,7.0,0.0,7.0,7.0,7.0,NA,0.0,22.0,8.0,5.0,23.0,6.0,NA,13.0,0.0,2.0,8.0,2.0,15.0,17.0,7.0,7.0,NA,2.0,12.0,9.0,NA,11.0,0.0,7.0,0.0,0.0,5.0,NA,0.0,4.0,5.0,7.0,21.0,0.0,0.0,0.0,NA
Tim Anderson_CWS,NA,NA,NA,NA,10.0,10.0,3.0,3.0,NA,0.0,3.0,16.0,2.0,0.0,NA,3.0,5.0,7.0,NA,3.0,0.0,12.0,22.0,9.0,3.0,NA,23.0,0.0,2.0,3.0,3.0,0.0,NA,6.0,3.0,NA,NA,3.0,NA,8.0,NA,NA,NA,NA,17.0,13.0,29.0,0.0,10.0,24.0,0.0,5.0,3.0
Rajai Davis_OAK,NA,0.0,17.0,0.0,0.0,0.0,14.0,4.0,8.0,NA,14.0,16.0,0.0,NA,NA,2.0,NA,12.0,12.0,NA,NA,NA,NA,NA,NA,NA,NA,NA,NA,NA,3.0,3.0,NA,9.0,0.0,11.0,NA,16.0,5.0,NA,3.0,5.0,7.0,6.0,NA,NA,10.0,5.0,10.0,3.0,NA,NA,0.0
Neil Walker_NYM,NA,4.0,NA,0.0,10.0,3.0,0.0,5.0,4.0,12.0,5.0,5.0,NA,12.0,9.0,NA,0.0,3.0,20.0,0.0,0.0,18.0,NA,NA,2.0,17.0,2.0,0.0,0.0,9.0,8.0,16.0,NA,0.0,7.0,4.0,12.0,14.0,7.0,NA,26.0,17.0,21.0,5.0,7.0,NA,NA,5.0,7.0,0.0,NA,8.0,6.0
Scott Schebler_CIN,NA,7.0,NA,0.0,4.0,16.0,NA,11.0,4.0,0.0,7.0,0.0,NA,19.0,3.0,NA,0.0,7.0,0.0,3.0,0.0,19.0,25.0,2.0,28.0,NA,21.0,NA,17.0,3.0,0.0,0.0,5.0,17.0,NA,16.0,3.0,12.0,NA,0.0,18.0,19.0,0.0,NA,2.0,2.0,0.0,NA,23.0,17.0,14.0,4.0,0.0
Howie Kendrick_PHI,NA,11.0,NA,2.0,NA,8.0,31.0,9.0,7.0,7.0,0.0,NA,5.0,5.0,NA,NA,NA,NA,NA,NA,NA,NA,NA,NA,NA,NA,NA,NA,NA,NA,NA,NA,NA,NA,NA,NA,NA,NA,NA,NA,NA,NA,NA,NA,NA,NA,NA,NA,NA,NA,NA,NA,NA
Logan Forsythe_LAD,NA,11.0,8.0,0.0,2.0,0.0,NA,19.0,8.0,NA,4.0,0.0,10.0,13.0,NA,4.0,2.0,NA,NA,NA,NA,NA,NA,NA,NA,NA,NA,NA,NA,NA,NA,NA,NA,NA,NA,NA,NA,NA,NA,NA,NA,NA,NA,NA,NA,NA,NA,NA,NA,NA,NA,9.0,0.0
Joc Pederson_LAD,NA,22.0,NA,2.0,6.0,3.0,2.0,NA,5.0,NA,2.0,NA,5.0,NA,2.0,NA,7.0,NA,NA,12.0,0.0,9.0,NA,NA,NA,NA,NA,NA,NA,NA,NA,NA,NA,4.0,NA,NA,19.0,3.0,0.0,5.0,12.0,NA,4.0,7.0,0.0,0.0,9.0,NA,0.0,20.0,NA,0.0,NA
Jayson Werth_WSH,NA,0.0,NA,6.0,17.0,18.0,10.0,6.0,12.0,14.0,0.0,NA,5.0,NA,3.0,NA,0.0,5.0,NA,NA,NA,0.0,7.0,0.0,9.0,21.0,0.0,12.0,12.0,NA,2.0,0.0,9.0,11.0,5.0,40.0,10.0,2.0,21.0,NA,NA,9.0,NA,NA,13.0,2.0,NA,4.0,5.0,0.0,NA,18.0,4.0
Marcell Ozuna_MIA,NA,5.0,NA,10.0,3.0,15.0,23.0,0.0,NA,38.0,3.0,27.0,3.0,14.0,13.0,0.0,0.0,5.0,NA,14.0,0.0,11.0,NA,NA,0.0,0.0,4.0,3.0,17.0,14.0,3.0,19.0,5.0,14.0,19.0,12.0,30.0,5.0,8.0,NA,0.0,5.0,8.0,3.0,5.0,0.0,2.0,6.0,12.0,5.0,NA,9.0,5.0
Brandon Moss_KC,NA,0.0,NA,NA,2.0,8.0,NA,14.0,2.0,NA,0.0,2.0,5.0,14.0,NA,NA,11.0,NA,0.0,NA,5.0,0.0,0.0,16.0,NA,NA,14.0,NA,8.0,2.0,NA,5.0,NA,2.0,0.0,NA,NA,7.0,0.0,NA,14.0,14.0,12.0,NA,NA,5.0,NA,NA,NA,31.0,0.0,NA,5.0
Alex Gordon_KC,NA,3.0,NA,2.0,0.0,14.0,11.0,6.0,0.0,NA,2.0,5.0,5.0,7.0,0.0,NA,7.0,3.0,5.0,4.0,0.0,0.0,5.0,5.0,7.0,NA,2.0,NA,3.0,7.0,NA,9.0,4.0,0.0,0.0,2.0,11.0,7.0,0.0,0.0,2.0,NA,4.0,NA,8.0,7.0,NA,3.0,NA,7.0,NA,NA,3.0
Robbie Grossman_MIN,NA,8.0,NA,2.0,NA,12.0,NA,10.0,NA,5.0,NA,24.0,2.0,16.0,5.0,8.0,7.0,NA,2.0,11.0,7.0,3.0,2.0,NA,3.0,NA,0.0,NA,NA,NA,3.0,NA,NA,5.0,17.0,6.0,NA,NA,NA,6.0,NA,4.0,NA,NA,4.0,NA,15.0,19.0,NA,0.0,14.0,0.0,NA
Victor Martinez_DET,NA,NA,NA,NA,2.0,9.0,2.0,8.0,3.0,3.0,4.0,0.0,0.0,7.0,5.0,NA,5.0,7.0,NA,5.0,0.0,17.0,NA,7.0,5.0,0.0,7.0,19.0,0.0,15.0,7.0,4.0,NA,19.0,6.0,5.0,NA,NA,NA,9.0,5.0,7.0,5.0,NA,25.0,0.0,18.0,NA,NA,NA,2.0,4.0,5.0
Seth Smith_BAL,NA,7.0,NA,NA,NA,23.0,8.0,NA,NA,NA,4.0,NA,16.0,7.0,NA,NA,4.0,NA,NA,NA,NA,NA,13.0,0.0,12.0,NA,NA,0.0,NA,2.0,NA,NA,29.0,8.0,5.0,NA,NA,19.0,7.0,NA,NA,5.0,5.0,NA,NA,3.0,19.0,NA,5.0,NA,5.0,0.0,0.0
Kole Calhoun_LAA,NA,7.0,7.0,11.0,0.0,21.0,5.0,9.0,NA,0.0,10.0,3.0,2.0,2.0,0.0,2.0,0.0,NA,5.0,9.0,7.0,4.0,3.0,5.0,11.0,0.0,10.0,10.0,19.0,NA,16.0,21.0,0.0,NA,4.0,5.0,3.0,0.0,2.0,0.0,15.0,2.0,0.0,18.0,0.0,NA,NA,3.0,5.0,4.0,12.0,4.0,NA
Travis Shaw_MIL,NA,12.0,16.0,16.0,4.0,7.0,9.0,0.0,NA,12.0,0.0,0.0,7.0,NA,14.0,0.0,35.0,16.0,21.0,3.0,7.0,2.0,NA,9.0,13.0,NA,0.0,2.0,NA,21.0,3.0,NA,19.0,0.0,0.0,14.0,NA,9.0,17.0,5.0,3.0,28.0,5.0,NA,NA,12.0,5.0,7.0,NA,19.0,NA,0.0,5.0
Asdrubal Cabrera_NYM,NA,18.0,NA,2.0,5.0,5.0,3.0,5.0,9.0,31.0,7.0,3.0,0.0,16.0,NA,NA,2.0,7.0,8.0,NA,5.0,0.0,NA,NA,4.0,2.0,16.0,0.0,NA,9.0,18.0,17.0,NA,NA,9.0,NA,NA,NA,NA,NA,9.0,2.0,NA,NA,NA,NA,NA,NA,NA,NA,NA,NA,NA
Matt Kemp_ATL,NA,5.0,NA,21.0,28.0,6.0,NA,NA,NA,NA,NA,NA,NA,NA,NA,NA,NA,NA,0.0,0.0,3.0,19.0,NA,NA,10.0,2.0,11.0,46.0,5.0,17.0,7.0,5.0,NA,3.0,7.0,10.0,NA,12.0,3.0,NA,8.0,3.0,2.0,24.0,18.0,6.0,3.0,22.0,14.0,8.0,0.0,7.0,10.0
Abraham Almonte_CLE,NA,18.0,NA,4.0,NA,NA,NA,NA,NA,7.0,NA,6.0,2.0,8.0,NA,2.0,11.0,NA,10.0,NA,4.0,2.0,NA,NA,6.0,14.0,3.0,6.0,22.0,NA,0.0,0.0,NA,0.0,0.0,2.0,0.0,5.0,0.0,NA,NA,0.0,NA,10.0,NA,NA,NA,NA,NA,NA,NA,NA,NA
Freddy Galvis_PHI,NA,21.0,NA,0.0,2.0,25.0,2.0,8.0,3.0,0.0,0.0,NA,0.0,9.0,5.0,NA,5.0,13.0,5.0,5.0,5.0,5.0,NA,NA,17.0,13.0,14.0,3.0,7.0,18.0,0.0,4.0,3.0,9.0,12.0,11.0,NA,9.0,5.0,NA,NA,2.0,15.0,NA,5.0,0.0,0.0,12.0,8.0,3.0,0.0,0.0,6.0
Eugenio Suarez_CIN,NA,2.0,NA,0.0,14.0,NA,21.0,10.0,27.0,10.0,19.0,0.0,5.0,17.0,16.0,NA,NA,3.0,2.0,12.0,31.0,13.0,4.0,6.0,0.0,NA,5.0,NA,9.0,NA,3.0,20.0,2.0,19.0,23.0,5.0,3.0,0.0,NA,7.0,5.0,3.0,3.0,NA,0.0,9.0,8.0,24.0,22.0,5.0,0.0,NA,2.0
Mitch Haniger_SEA,NA,2.0,7.0,11.0,21.0,5.0,16.0,18.0,12.0,15.0,8.0,NA,8.0,8.0,24.0,3.0,7.0,27.0,2.0,10.0,9.0,19.0,NA,8.0,NA,NA,NA,NA,NA,NA,NA,NA,NA,NA,NA,NA,NA,NA,NA,NA,NA,NA,NA,NA,NA,NA,NA,NA,NA,NA,NA,NA,NA
Josh Reddick_HOU,NA,3.0,3.0,5.0,NA,3.0,NA,5.0,0.0,8.0,18.0,NA,0.0,NA,NA,13.0,0.0,33.0,NA,2.0,NA,0.0,NA,12.0,4.0,10.0,8.0,3.0,2.0,2.0,NA,20.0,9.0,19.0,0.0,7.0,NA,19.0,NA,7.0,NA,NA,10.0,9.0,10.0,0.0,NA,14.0,2.0,5.0,6.0,14.0,NA
Justin Turner_LAD,NA,19.0,3.0,13.0,NA,8.0,0.0,16.0,2.0,NA,NA,7.0,14.0,11.0,6.0,7.0,7.0,NA,NA,7.0,8.0,5.0,3.0,8.0,11.0,7.0,15.0,NA,13.0,0.0,11.0,2.0,NA,10.0,13.0,NA,5.0,5.0,6.0,3.0,0.0,10.0,8.0,NA,8.0,12.0,15.0,NA,NA,NA,NA,NA,NA
J.T. Realmuto_MIA,NA,10.0,NA,23.0,26.0,NA,20.0,3.0,NA,5.0,2.0,NA,9.0,NA,6.0,0.0,3.0,5.0,NA,3.0,6.0,7.0,NA,NA,8.0,8.0,3.0,0.0,NA,0.0,0.0,25.0,3.0,5.0,11.0,NA,0.0,5.0,3.0,NA,16.0,5.0,NA,5.0,10.0,NA,5.0,9.0,9.0,NA,NA,17.0,2.0
Eddie Rosario_MIN,NA,3.0,NA,5.0,11.0,0.0,5.0,0.0,NA,0.0,5.0,5.0,3.0,NA,2.0,8.0,6.0,NA,3.0,18.0,5.0,14.0,3.0,10.0,5.0,NA,8.0,NA,5.0,NA,6.0,10.0,18.0,15.0,0.0,7.0,NA,5.0,NA,0.0,0.0,NA,5.0,NA,3.0,NA,NA,0.0,NA,0.0,NA,NA,2.0
Byron Buxton_MIN,NA,0.0,NA,3.0,2.0,0.0,5.0,0.0,NA,0.0,NA,10.0,0.0,7.0,2.0,NA,0.0,NA,0.0,3.0,3.0,NA,6.0,17.0,7.0,NA,4.0,NA,14.0,NA,16.0,10.0,0.0,NA,NA,5.0,NA,15.0,NA,0.0,0.0,0.0,3.0,NA,14.0,NA,0.0,2.0,NA,4.0,10.0,7.0,11.0
Tyler Saladino_CWS,NA,NA,NA,NA,4.0,3.0,16.0,NA,NA,5.0,0.0,NA,5.0,NA,2.0,7.0,0.0,0.0,NA,NA,6.0,5.0,14.0,NA,10.0,NA,10.0,9.0,0.0,2.0,NA,NA,5.0,0.0,NA,3.0,NA,5.0,NA,4.0,NA,14.0,0.0,12.0,0.0,NA,NA,NA,NA,NA,NA,3.0,NA
Hyun-Soo Kim_BAL,NA,0.0,NA,NA,NA,0.0,11.0,NA,NA,NA,NA,NA,7.0,3.0,NA,NA,NA,NA,2.0,NA,NA,NA,16.0,2.0,7.0,NA,NA,5.0,NA,NA,NA,NA,7.0,0.0,NA,NA,NA,NA,NA,NA,NA,NA,5.0,NA,NA,NA,NA,3.0,2.0,NA,NA,NA,NA
Josh Bell_PIT,NA,5.0,NA,0.0,NA,5.0,NA,13.0,3.0,0.0,0.0,0.0,NA,3.0,NA,8.0,3.0,14.0,NA,16.0,5.0,NA,7.0,2.0,19.0,NA,9.0,5.0,26.0,2.0,0.0,5.0,10.0,21.0,10.0,0.0,0.0,NA,0.0,NA,18.0,7.0,18.0,NA,7.0,18.0,18.0,12.0,0.0,2.0,7.0,16.0,0.0
Trevor Plouffe_OAK,NA,5.0,0.0,3.0,5.0,0.0,NA,3.0,0.0,NA,11.0,3.0,14.0,18.0,NA,3.0,4.0,9.0,18.0,14.0,3.0,3.0,NA,5.0,4.0,0.0,3.0,0.0,5.0,NA,3.0,2.0,NA,0.0,NA,13.0,19.0,10.0,NA,NA,5.0,5.0,16.0,5.0,NA,3.0,19.0,3.0,8.0,0.0,NA,0.0,6.0
C.J. Cron_LAA,NA,5.0,NA,8.0,3.0,0.0,NA,10.0,NA,NA,5.0,NA,NA,NA,5.0,0.0,0.0,3.0,3.0,2.0,9.0,2.0,NA,NA,NA,10.0,3.0,NA,NA,NA,NA,NA,NA,NA,NA,NA,NA,NA,NA,NA,NA,NA,0.0,7.0,0.0,7.0,NA,5.0,NA,20.0,NA,NA,NA
Cameron Maybin_LAA,NA,0.0,8.0,7.0,NA,14.0,3.0,NA,NA,11.0,NA,9.0,0.0,7.0,NA,NA,0.0,5.0,4.0,5.0,8.0,NA,12.0,2.0,17.0,NA,2.0,NA,0.0,NA,18.0,NA,5.0,10.0,2.0,9.0,0.0,7.0,10.0,2.0,4.0,0.0,21.0,4.0,29.0,15.0,NA,2.0,9.0,16.0,28.0,14.0,2.0
Orlando Arcia_MIL,NA,7.0,0.0,8.0,NA,3.0,0.0,NA,NA,0.0,0.0,11.0,12.0,2.0,5.0,0.0,14.0,8.0,NA,7.0,3.0,0.0,5.0,NA,25.0,NA,25.0,5.0,3.0,2.0,0.0,NA,5.0,0.0,NA,4.0,NA,12.0,0.0,2.0,NA,11.0,7.0,NA,2.0,2.0,10.0,11.0,NA,5.0,NA,7.0,NA
Lucas Duda_NYM,NA,13.0,NA,2.0,NA,NA,14.0,6.0,4.0,36.0,0.0,NA,21.0,NA,0.0,NA,4.0,0.0,NA,NA,NA,NA,NA,NA,NA,NA,NA,NA,NA,NA,NA,NA,NA,NA,NA,NA,NA,NA,NA,NA,5.0,8.0,3.0,2.0,5.0,NA,NA,4.0,5.0,2.0,NA,19.0,8.0
Jay Bruce_NYM,NA,10.0,NA,22.0,4.0,2.0,3.0,16.0,34.0,7.0,3.0,11.0,5.0,NA,0.0,NA,5.0,39.0,4.0,5.0,2.0,3.0,NA,NA,10.0,5.0,5.0,0.0,24.0,7.0,36.0,9.0,NA,6.0,18.0,0.0,3.0,7.0,19.0,NA,2.0,3.0,NA,2.0,0.0,3.0,NA,0.0,6.0,20.0,NA,5.0,NA
Ender Inciarte_ATL,NA,0.0,NA,4.0,3.0,10.0,3.0,0.0,NA,8.0,30.0,NA,21.0,5.0,21.0,8.0,0.0,5.0,0.0,12.0,0.0,0.0,NA,NA,13.0,15.0,18.0,19.0,15.0,19.0,17.0,2.0,NA,14.0,2.0,8.0,NA,7.0,2.0,NA,7.0,0.0,10.0,7.0,8.0,10.0,3.0,16.0,0.0,5.0,19.0,15.0,6.0
Jurickson Profar_TEX,NA,0.0,NA,NA,NA,4.0,NA,NA,NA,NA,5.0,9.0,5.0,NA,7.0,4.0,2.0,0.0,NA,4.0,0.0,7.0,0.0,NA,NA,NA,NA,NA,NA,NA,NA,NA,NA,NA,NA,NA,NA,NA,NA,NA,NA,NA,NA,NA,NA,NA,NA,NA,NA,NA,NA,NA,NA
Zack Cozart_CIN,NA,5.0,NA,8.0,10.0,15.0,8.0,12.0,NA,NA,9.0,9.0,18.0,19.0,0.0,NA,11.0,2.0,5.0,9.0,5.0,NA,23.0,10.0,4.0,NA,5.0,NA,0.0,0.0,7.0,5.0,NA,21.0,18.0,17.0,9.0,7.0,NA,12.0,4.0,NA,NA,NA,17.0,24.0,8.0,7.0,9.0,NA,7.0,3.0,9.0
Norichika Aoki_HOU,NA,3.0,NA,NA,5.0,0.0,NA,0.0,NA,NA,10.0,NA,19.0,17.0,NA,0.0,6.0,0.0,NA,2.0,NA,8.0,NA,15.0,5.0,3.0,0.0,NA,0.0,7.0,NA,4.0,NA,0.0,3.0,NA,NA,5.0,NA,12.0,NA,NA,NA,7.0,NA,NA,NA,0.0,0.0,0.0,NA,NA,5.0
Yasmani Grandal_LAD,NA,30.0,0.0,0.0,NA,0.0,4.0,NA,8.0,NA,2.0,5.0,8.0,NA,9.0,3.0,NA,2.0,NA,9.0,NA,16.0,0.0,2.0,7.0,NA,2.0,0.0,13.0,2.0,NA,3.0,NA,7.0,NA,NA,14.0,22.0,17.0,NA,5.0,NA,13.0,7.0,NA,9.0,3.0,NA,7.0,17.0,NA,16.0,0.0
Ryan Zimmerman_WSH,NA,6.0,NA,18.0,19.0,3.0,2.0,NA,22.0,3.0,8.0,NA,9.0,0.0,NA,NA,12.0,26.0,23.0,NA,7.0,21.0,16.0,11.0,26.0,NA,30.0,24.0,21.0,NA,10.0,10.0,11.0,22.0,25.0,NA,0.0,5.0,0.0,NA,NA,12.0,4.0,NA,12.0,0.0,NA,5.0,0.0,3.0,NA,13.0,5.0
Salvador Perez_KC,NA,3.0,NA,2.0,17.0,19.0,14.0,14.0,3.0,NA,5.0,5.0,16.0,0.0,6.0,NA,3.0,10.0,0.0,0.0,NA,NA,0.0,7.0,0.0,NA,21.0,NA,19.0,7.0,0.0,0.0,2.0,5.0,3.0,5.0,10.0,30.0,8.0,11.0,3.0,7.0,NA,NA,0.0,16.0,0.0,6.0,NA,18.0,6.0,5.0,0.0
Jorge Polanco_MIN,NA,12.0,NA,NA,14.0,0.0,7.0,17.0,NA,0.0,2.0,5.0,8.0,7.0,6.0,6.0,5.0,NA,2.0,14.0,9.0,NA,5.0,11.0,0.0,NA,0.0,NA,8.0,NA,4.0,NA,5.0,5.0,3.0,12.0,NA,15.0,NA,2.0,5.0,5.0,14.0,NA,4.0,NA,NA,5.0,NA,3.0,16.0,6.0,7.0
Francisco Cervelli_PIT,NA,9.0,NA,3.0,NA,18.0,5.0,NA,6.0,4.0,5.0,NA,12.0,14.0,3.0,5.0,3.0,NA,NA,0.0,7.0,NA,0.0,2.0,9.0,NA,23.0,4.0,NA,NA,NA,NA,12.0,5.0,8.0,NA,5.0,9.0,19.0,0.0,NA,5.0,2.0,NA,4.0,6.0,NA,0.0,12.0,NA,2.0,10.0,NA
Avisail Garcia_CWS,NA,NA,NA,NA,12.0,5.0,31.0,7.0,NA,3.0,7.0,19.0,6.0,2.0,25.0,5.0,18.0,4.0,NA,0.0,0.0,7.0,5.0,17.0,16.0,NA,24.0,10.0,0.0,NA,16.0,0.0,12.0,5.0,3.0,0.0,NA,0.0,NA,10.0,8.0,16.0,7.0,2.0,12.0,17.0,11.0,0.0,48.0,0.0,0.0,NA,0.0
Mitch Moreland_BOS,NA,0.0,NA,0.0,NA,10.0,10.0,13.0,15.0,5.0,9.0,9.0,2.0,24.0,14.0,2.0,19.0,3.0,7.0,0.0,2.0,17.0,NA,NA,2.0,0.0,11.0,4.0,2.0,2.0,10.0,7.0,0.0,5.0,10.0,20.0,NA,2.0,NA,2.0,6.0,0.0,2.0,NA,2.0,12.0,16.0,16.0,NA,16.0,NA,10.0,NA
David Freese_PIT,NA,8.0,NA,5.0,NA,16.0,NA,NA,2.0,5.0,19.0,9.0,19.0,0.0,2.0,2.0,8.0,3.0,NA,10.0,14.0,2.0,5.0,NA,NA,NA,NA,NA,NA,NA,NA,NA,NA,NA,NA,NA,NA,NA,NA,NA,0.0,5.0,NA,NA,2.0,4.0,NA,0.0,21.0,4.0,0.0,NA,18.0
Adam Frazier_PIT,NA,7.0,NA,3.0,NA,NA,5.0,13.0,2.0,NA,0.0,NA,NA,17.0,26.0,0.0,5.0,NA,NA,NA,10.0,NA,NA,NA,NA,NA,NA,NA,NA,NA,NA,NA,NA,NA,NA,NA,NA,NA,NA,NA,NA,3.0,13.0,NA,10.0,8.0,23.0,NA,20.0,10.0,7.0,6.0,38.0
Ryon Healy_OAK,NA,0.0,19.0,0.0,16.0,0.0,5.0,0.0,5.0,NA,12.0,3.0,0.0,0.0,NA,NA,NA,10.0,19.0,0.0,21.0,10.0,NA,0.0,0.0,3.0,5.0,3.0,5.0,NA,0.0,2.0,19.0,NA,17.0,25.0,0.0,3.0,5.0,NA,2.0,6.0,3.0,5.0,19.0,3.0,5.0,5.0,3.0,5.0,NA,21.0,5.0
Jordy Mercer_PIT,NA,5.0,NA,0.0,NA,8.0,7.0,5.0,2.0,2.0,5.0,7.0,2.0,NA,9.0,0.0,9.0,0.0,NA,18.0,7.0,4.0,0.0,3.0,5.0,NA,20.0,8.0,0.0,0.0,15.0,9.0,NA,4.0,3.0,3.0,5.0,0.0,0.0,2.0,5.0,4.0,3.0,NA,7.0,3.0,7.0,0.0,6.0,NA,8.0,21.0,24.0
Marcus Semien_OAK,NA,4.0,9.0,3.0,12.0,4.0,19.0,3.0,0.0,NA,13.0,0.0,9.0,NA,NA,NA,NA,NA,NA,NA,NA,NA,NA,NA,NA,NA,NA,NA,NA,NA,NA,NA,NA,NA,NA,NA,NA,NA,NA,NA,NA,NA,NA,NA,NA,NA,NA,NA,NA,NA,NA,NA,NA
Cameron Rupp_PHI,NA,0.0,NA,3.0,NA,5.0,18.0,NA,4.0,2.0,0.0,NA,9.0,NA,7.0,NA,8.0,7.0,NA,8.0,2.0,NA,NA,NA,0.0,NA,7.0,NA,15.0,5.0,4.0,NA,20.0,2.0,19.0,NA,NA,10.0,NA,NA,NA,7.0,NA,NA,0.0,0.0,NA,18.0,5.0,NA,0.0,NA,NA
Brian McCann_HOU,NA,0.0,14.0,NA,3.0,NA,17.0,7.0,NA,4.0,6.0,NA,16.0,NA,NA,NA,6.0,3.0,0.0,15.0,NA,9.0,NA,0.0,16.0,7.0,NA,0.0,14.0,3.0,NA,18.0,4.0,23.0,8.0,NA,NA,0.0,NA,2.0,21.0,NA,0.0,NA,16.0,NA,NA,2.0,NA,NA,NA,NA,NA
Danny Valencia_SEA,NA,2.0,8.0,0.0,2.0,3.0,5.0,2.0,2.0,3.0,NA,NA,2.0,8.0,10.0,2.0,0.0,NA,9.0,0.0,0.0,NA,NA,NA,15.0,NA,NA,0.0,NA,NA,14.0,5.0,29.0,3.0,9.0,NA,NA,4.0,29.0,5.0,5.0,5.0,3.0,6.0,8.0,0.0,0.0,12.0,NA,NA,NA,NA,3.0
Mike Moustakas_KC,NA,14.0,NA,3.0,17.0,7.0,NA,17.0,0.0,NA,7.0,7.0,20.0,14.0,NA,NA,3.0,8.0,3.0,NA,5.0,14.0,7.0,21.0,0.0,NA,3.0,NA,3.0,5.0,NA,9.0,5.0,3.0,2.0,0.0,NA,19.0,0.0,7.0,7.0,8.0,20.0,NA,3.0,10.0,18.0,NA,NA,5.0,0.0,16.0,0.0
Alcides Escobar_KC,NA,0.0,NA,0.0,5.0,10.0,4.0,3.0,0.0,NA,3.0,6.0,2.0,0.0,11.0,NA,0.0,5.0,5.0,0.0,0.0,2.0,0.0,2.0,7.0,NA,0.0,NA,5.0,12.0,3.0,7.0,0.0,7.0,0.0,2.0,10.0,0.0,3.0,5.0,0.0,8.0,7.0,NA,0.0,7.0,4.0,0.0,NA,3.0,7.0,4.0,3.0
Paulo Orlando_KC,NA,0.0,NA,5.0,7.0,2.0,0.0,7.0,0.0,NA,NA,3.0,5.0,0.0,0.0,NA,NA,13.0,0.0,NA,NA,NA,NA,NA,NA,NA,NA,NA,NA,NA,NA,NA,NA,NA,NA,NA,NA,NA,NA,NA,NA,NA,NA,NA,NA,NA,NA,NA,NA,NA,NA,NA,NA
Ezequiel Carrera_TOR,NA,10.0,NA,NA,NA,3.0,NA,0.0,NA,NA,NA,0.0,NA,3.0,6.0,NA,NA,5.0,NA,12.0,NA,15.0,6.0,7.0,NA,3.0,NA,3.0,NA,5.0,NA,NA,NA,NA,14.0,NA,NA,3.0,26.0,8.0,13.0,10.0,NA,2.0,2.0,5.0,6.0,3.0,6.0,NA,NA,0.0,NA
Nick Markakis_ATL,NA,0.0,NA,12.0,3.0,16.0,11.0,10.0,NA,14.0,5.0,NA,11.0,5.0,9.0,0.0,5.0,8.0,7.0,3.0,0.0,3.0,NA,NA,17.0,13.0,5.0,15.0,5.0,4.0,7.0,5.0,NA,5.0,7.0,5.0,NA,7.0,2.0,NA,10.0,13.0,7.0,16.0,11.0,9.0,3.0,9.0,0.0,5.0,0.0,14.0,9.0
Yan Gomes_CLE,NA,0.0,4.0,NA,NA,3.0,NA,6.0,NA,0.0,NA,14.0,NA,0.0,0.0,7.0,NA,NA,NA,3.0,7.0,NA,NA,3.0,NA,11.0,0.0,0.0,NA,NA,8.0,8.0,NA,NA,4.0,7.0,NA,25.0,5.0,NA,5.0,0.0,NA,7.0,10.0,NA,NA,NA,3.0,31.0,0.0,14.0,NA
Yulieski Gurriel_HOU,NA,0.0,NA,5.0,0.0,0.0,3.0,NA,5.0,11.0,8.0,NA,NA,0.0,NA,5.0,19.0,9.0,NA,17.0,0.0,13.0,NA,10.0,6.0,0.0,26.0,3.0,4.0,9.0,0.0,NA,7.0,3.0,3.0,0.0,NA,2.0,5.0,0.0,NA,NA,8.0,25.0,5.0,0.0,NA,0.0,0.0,NA,3.0,16.0,4.0
Leonys Martin_SEA,NA,0.0,0.0,12.0,0.0,NA,0.0,3.0,8.0,0.0,0.0,NA,NA,5.0,12.0,10.0,NA,4.0,4.0,NA,NA,NA,NA,NA,NA,NA,NA,NA,NA,NA,NA,NA,NA,NA,NA,NA,NA,NA,NA,NA,NA,NA,NA,NA,NA,NA,NA,NA,NA,NA,NA,NA,NA
Ryan Schimpf_SD,NA,17.0,5.0,0.0,0.0,8.0,NA,4.0,4.0,2.0,20.0,NA,4.0,0.0,20.0,4.0,2.0,0.0,0.0,3.0,0.0,NA,0.0,NA,NA,14.0,16.0,18.0,2.0,NA,16.0,0.0,4.0,5.0,NA,NA,23.0,0.0,3.0,5.0,0.0,2.0,NA,0.0,NA,NA,5.0,9.0,NA,16.0,NA,18.0,0.0
Matt Wieters_WSH,NA,5.0,NA,17.0,4.0,7.0,0.0,NA,14.0,21.0,0.0,NA,5.0,NA,0.0,NA,9.0,7.0,0.0,NA,5.0,0.0,NA,7.0,NA,13.0,19.0,NA,39.0,NA,NA,3.0,NA,0.0,0.0,NA,7.0,7.0,13.0,NA,NA,3.0,NA,NA,7.0,NA,5.0,5.0,5.0,NA,NA,9.0,3.0
Justin Bour_MIA,NA,0.0,NA,2.0,9.0,9.0,4.0,0.0,NA,7.0,NA,9.0,3.0,14.0,2.0,0.0,19.0,3.0,NA,3.0,NA,18.0,NA,NA,7.0,0.0,0.0,3.0,35.0,3.0,5.0,0.0,7.0,16.0,0.0,NA,0.0,7.0,22.0,NA,20.0,18.0,0.0,22.0,NA,5.0,19.0,14.0,7.0,14.0,NA,33.0,3.0
J.J. Hardy_BAL,NA,0.0,NA,0.0,NA,3.0,0.0,7.0,NA,0.0,6.0,5.0,16.0,NA,19.0,NA,0.0,5.0,10.0,0.0,3.0,0.0,0.0,0.0,NA,NA,6.0,0.0,4.0,0.0,3.0,8.0,9.0,0.0,3.0,0.0,7.0,10.0,7.0,NA,10.0,0.0,NA,NA,20.0,2.0,3.0,5.0,4.0,NA,14.0,0.0,16.0
Stephen Vogt_OAK,NA,17.0,0.0,5.0,NA,5.0,2.0,NA,10.0,NA,10.0,0.0,NA,5.0,NA,5.0,0.0,NA,NA,4.0,NA,3.0,NA,0.0,3.0,NA,0.0,3.0,NA,NA,3.0,NA,19.0,0.0,0.0,NA,3.0,NA,NA,NA,0.0,NA,8.0,18.0,14.0,2.0,4.0,NA,NA,NA,NA,7.0,NA
Mark Reynolds_COL,NA,27.0,12.0,10.0,14.0,0.0,19.0,0.0,18.0,2.0,NA,5.0,5.0,10.0,3.0,NA,5.0,2.0,NA,14.0,30.0,0.0,21.0,18.0,6.0,0.0,2.0,21.0,2.0,NA,NA,NA,9.0,19.0,18.0,19.0,NA,6.0,9.0,15.0,4.0,3.0,7.0,NA,0.0,NA,NA,19.0,10.0,2.0,3.0,NA,NA
Brandon Phillips_ATL,NA,3.0,NA,5.0,0.0,7.0,19.0,6.0,NA,24.0,4.0,NA,3.0,14.0,24.0,5.0,3.0,5.0,10.0,3.0,21.0,11.0,NA,NA,3.0,NA,NA,3.0,NA,0.0,5.0,NA,NA,0.0,3.0,NA,NA,2.0,0.0,NA,11.0,0.0,NA,2.0,14.0,9.0,5.0,19.0,10.0,NA,21.0,10.0,8.0
Yangervis Solarte_SD,NA,5.0,19.0,0.0,7.0,21.0,2.0,20.0,2.0,2.0,12.0,NA,2.0,0.0,0.0,5.0,0.0,2.0,7.0,12.0,11.0,9.0,11.0,11.0,14.0,10.0,6.0,6.0,3.0,NA,16.0,5.0,6.0,7.0,0.0,NA,3.0,0.0,0.0,3.0,6.0,0.0,4.0,NA,5.0,7.0,5.0,0.0,0.0,NA,NA,8.0,16.0
Manuel Margot_SD,NA,7.0,13.0,2.0,0.0,30.0,14.0,3.0,10.0,19.0,7.0,NA,5.0,0.0,0.0,7.0,0.0,NA,0.0,15.0,8.0,10.0,7.0,3.0,13.0,0.0,0.0,13.0,8.0,NA,16.0,3.0,7.0,2.0,11.0,NA,8.0,2.0,5.0,2.0,NA,25.0,8.0,0.0,8.0,3.0,3.0,3.0,2.0,0.0,NA,3.0,0.0
Derek Dietrich_MIA,NA,0.0,NA,4.0,NA,21.0,2.0,10.0,NA,2.0,NA,7.0,2.0,0.0,0.0,NA,8.0,NA,NA,NA,3.0,NA,NA,NA,NA,NA,3.0,NA,NA,NA,NA,NA,0.0,NA,NA,15.0,3.0,15.0,9.0,NA,21.0,5.0,2.0,0.0,NA,0.0,NA,NA,13.0,10.0,NA,12.0,2.0
Yunel Escobar_LAA,NA,6.0,5.0,4.0,7.0,13.0,26.0,14.0,NA,15.0,0.0,0.0,5.0,0.0,2.0,2.0,10.0,8.0,0.0,7.0,0.0,NA,2.0,0.0,0.0,5.0,14.0,2.0,12.0,NA,5.0,12.0,12.0,8.0,2.0,28.0,5.0,20.0,4.0,13.0,7.0,5.0,NA,NA,NA,NA,NA,NA,NA,NA,NA,NA,NA
Adonis Garcia_ATL,NA,0.0,NA,9.0,3.0,0.0,5.0,5.0,NA,5.0,0.0,NA,0.0,17.0,4.0,3.0,0.0,3.0,3.0,19.0,5.0,NA,NA,NA,8.0,5.0,16.0,6.0,0.0,7.0,12.0,3.0,NA,5.0,18.0,13.0,NA,0.0,14.0,NA,0.0,NA,9.0,21.0,NA,NA,NA,NA,NA,NA,NA,NA,NA
Dansby Swanson_ATL,NA,3.0,NA,3.0,0.0,3.0,7.0,14.0,NA,2.0,3.0,NA,0.0,5.0,0.0,7.0,0.0,0.0,NA,0.0,5.0,3.0,NA,NA,5.0,2.0,13.0,19.0,3.0,2.0,9.0,10.0,NA,0.0,NA,5.0,NA,7.0,5.0,NA,7.0,5.0,5.0,14.0,19.0,0.0,3.0,25.0,11.0,9.0,7.0,2.0,NA
Yandy Diaz_CLE,NA,7.0,0.0,10.0,NA,4.0,3.0,5.0,NA,3.0,2.0,8.0,9.0,9.0,3.0,3.0,2.0,NA,5.0,NA,NA,NA,NA,NA,NA,NA,NA,NA,NA,NA,NA,NA,NA,NA,NA,NA,2.0,2.0,0.0,NA,NA,NA,NA,NA,NA,NA,NA,NA,NA,NA,NA,NA,NA
Jarrod Dyson_SEA,NA,0.0,5.0,8.0,5.0,2.0,2.0,NA,9.0,7.0,9.0,NA,13.0,2.0,NA,13.0,0.0,7.0,12.0,3.0,11.0,9.0,NA,5.0,18.0,0.0,3.0,0.0,NA,NA,5.0,13.0,9.0,2.0,NA,6.0,NA,0.0,16.0,0.0,5.0,19.0,14.0,0.0,10.0,NA,31.0,0.0,0.0,2.0,NA,0.0,3.0
Hunter Renfroe_SD,NA,0.0,3.0,14.0,16.0,0.0,10.0,0.0,19.0,0.0,5.0,NA,0.0,17.0,3.0,0.0,6.0,0.0,0.0,8.0,5.0,16.0,3.0,7.0,14.0,0.0,NA,2.0,0.0,NA,0.0,3.0,7.0,0.0,7.0,NA,0.0,0.0,5.0,7.0,7.0,4.0,22.0,29.0,7.0,2.0,14.0,0.0,4.0,15.0,NA,12.0,14.0
Sandy Leon_BOS,NA,8.0,NA,26.0,NA,0.0,NA,14.0,0.0,NA,3.0,NA,0.0,2.0,NA,5.0,NA,0.0,2.0,NA,0.0,NA,NA,NA,0.0,0.0,NA,NA,NA,3.0,3.0,NA,NA,NA,22.0,34.0,NA,0.0,NA,NA,11.0,11.0,NA,NA,NA,3.0,NA,6.0,NA,NA,NA,7.0,0.0
Andrelton Simmons_LAA,NA,5.0,7.0,12.0,6.0,11.0,3.0,16.0,NA,2.0,7.0,3.0,2.0,0.0,NA,0.0,17.0,2.0,13.0,3.0,23.0,6.0,7.0,3.0,11.0,0.0,3.0,3.0,5.0,NA,7.0,2.0,2.0,5.0,5.0,2.0,2.0,0.0,0.0,0.0,10.0,5.0,5.0,8.0,13.0,6.0,NA,8.0,8.0,27.0,5.0,15.0,5.0
Tony Wolters_COL,NA,10.0,2.0,0.0,NA,NA,NA,14.0,0.0,5.0,NA,NA,3.0,NA,5.0,NA,NA,NA,NA,13.0,NA,4.0,13.0,16.0,5.0,NA,NA,3.0,NA,NA,0.0,NA,NA,NA,NA,NA,NA,NA,NA,NA,NA,NA,NA,NA,9.0,NA,NA,7.0,6.0,NA,9.0,6.0,7.0
Mike Zunino_SEA,NA,0.0,3.0,5.0,NA,3.0,5.0,NA,7.0,NA,3.0,NA,0.0,5.0,NA,0.0,NA,11.0,9.0,NA,0.0,5.0,NA,10.0,5.0,NA,0.0,0.0,NA,NA,2.0,7.0,2.0,NA,NA,NA,NA,NA,NA,NA,NA,NA,NA,NA,NA,NA,NA,NA,NA,NA,NA,14.0,0.0
Andrew Toles_LAD,NA,8.0,NA,2.0,6.0,NA,14.0,NA,NA,NA,17.0,NA,21.0,NA,0.0,NA,NA,NA,NA,5.0,NA,5.0,0.0,NA,2.0,NA,10.0,16.0,25.0,5.0,NA,9.0,NA,9.0,NA,NA,10.0,3.0,NA,NA,NA,NA,NA,NA,NA,NA,NA,NA,NA,NA,NA,NA,NA
Jason Castro_MIN,NA,12.0,NA,12.0,13.0,NA,16.0,2.0,NA,8.0,4.0,NA,2.0,NA,0.0,0.0,9.0,NA,2.0,0.0,NA,0.0,NA,9.0,NA,NA,2.0,NA,3.0,NA,16.0,0.0,NA,0.0,8.0,NA,NA,2.0,NA,NA,3.0,0.0,NA,NA,14.0,NA,6.0,5.0,NA,4.0,7.0,3.0,NA
Yonder Alonso_OAK,NA,7.0,7.0,3.0,NA,14.0,21.0,NA,2.0,NA,5.0,NA,NA,11.0,NA,0.0,4.0,21.0,NA,17.0,NA,5.0,NA,0.0,21.0,7.0,3.0,3.0,NA,NA,17.0,21.0,4.0,12.0,30.0,16.0,0.0,32.0,4.0,NA,2.0,19.0,0.0,4.0,6.0,0.0,NA,NA,NA,NA,NA,16.0,NA
Danny Espinosa_LAA,NA,0.0,18.0,9.0,NA,2.0,5.0,2.0,NA,20.0,2.0,21.0,0.0,3.0,0.0,3.0,3.0,12.0,0.0,10.0,0.0,NA,2.0,5.0,13.0,NA,2.0,0.0,0.0,NA,0.0,NA,4.0,0.0,NA,2.0,NA,NA,0.0,NA,NA,5.0,16.0,4.0,4.0,18.0,NA,0.0,NA,12.0,NA,0.0,NA
Stephen Drew_WSH,NA,0.0,NA,NA,NA,NA,NA,0.0,25.0,0.0,NA,NA,NA,NA,NA,NA,NA,NA,NA,NA,NA,NA,NA,NA,NA,NA,NA,NA,NA,NA,NA,NA,NA,NA,NA,NA,NA,NA,NA,NA,NA,NA,NA,NA,NA,NA,NA,NA,NA,NA,NA,NA,NA
James McCann_DET,NA,NA,NA,NA,5.0,18.0,16.0,NA,0.0,16.0,0.0,0.0,NA,0.0,NA,NA,NA,6.0,3.0,16.0,4.0,NA,NA,27.0,3.0,0.0,NA,0.0,NA,2.0,NA,NA,NA,0.0,NA,16.0,NA,16.0,5.0,15.0,NA,0.0,0.0,NA,13.0,5.0,NA,2.0,5.0,5.0,NA,5.0,NA
JaCoby Jones_DET,NA,NA,NA,NA,2.0,7.0,9.0,NA,0.0,0.0,NA,15.0,3.0,NA,NA,NA,0.0,0.0,0.0,0.0,2.0,NA,NA,NA,NA,NA,NA,NA,NA,NA,NA,NA,NA,NA,NA,NA,NA,NA,NA,NA,NA,NA,NA,NA,NA,NA,NA,NA,NA,NA,NA,NA,NA
Jed Lowrie_OAK,NA,8.0,24.0,0.0,4.0,4.0,15.0,2.0,0.0,NA,13.0,8.0,3.0,5.0,NA,2.0,2.0,NA,10.0,7.0,13.0,0.0,NA,3.0,10.0,9.0,8.0,17.0,0.0,NA,3.0,NA,10.0,9.0,7.0,9.0,28.0,0.0,6.0,NA,8.0,7.0,3.0,4.0,4.0,0.0,19.0,3.0,22.0,3.0,NA,20.0,22.0
Jett Bandy_MIL,NA,5.0,6.0,NA,0.0,NA,16.0,7.0,NA,NA,5.0,NA,NA,0.0,NA,22.0,NA,16.0,16.0,NA,3.0,NA,NA,NA,19.0,NA,12.0,NA,0.0,NA,7.0,NA,0.0,NA,NA,0.0,NA,NA,5.0,NA,21.0,5.0,NA,2.0,NA,7.0,NA,16.0,NA,5.0,NA,NA,0.0
Tucker Barnhart_CIN,NA,5.0,NA,5.0,NA,3.0,7.0,NA,0.0,3.0,17.0,0.0,NA,4.0,3.0,NA,7.0,3.0,NA,12.0,3.0,0.0,NA,0.0,3.0,NA,NA,NA,10.0,10.0,NA,NA,0.0,NA,NA,0.0,8.0,NA,NA,NA,9.0,NA,NA,NA,16.0,3.0,5.0,0.0,NA,NA,10.0,NA,5.0
Travis Jankowski_SD,NA,5.0,4.0,2.0,5.0,14.0,NA,6.0,0.0,3.0,NA,NA,9.0,NA,0.0,0.0,10.0,3.0,NA,3.0,0.0,NA,NA,NA,NA,NA,NA,NA,NA,NA,NA,NA,NA,NA,NA,NA,NA,NA,NA,NA,NA,NA,NA,NA,NA,NA,NA,NA,NA,NA,NA,NA,NA
Mikie Mahtook_DET,NA,NA,NA,NA,NA,NA,2.0,NA,0.0,0.0,NA,NA,NA,NA,NA,NA,NA,NA,NA,3.0,9.0,NA,NA,NA,0.0,NA,NA,7.0,NA,NA,NA,NA,NA,NA,NA,NA,NA,7.0,NA,NA,NA,NA,NA,NA,5.0,NA,NA,NA,NA,NA,3.0,16.0,0.0
Tyler Flowers_ATL,NA,3.0,NA,NA,3.0,NA,NA,8.0,NA,4.0,8.0,NA,10.0,NA,12.0,NA,NA,NA,NA,2.0,2.0,NA,NA,NA,18.0,NA,5.0,16.0,NA,3.0,NA,10.0,NA,4.0,0.0,NA,NA,5.0,NA,NA,27.0,2.0,NA,7.0,7.0,NA,5.0,NA,19.0,NA,8.0,NA,2.0
Adeiny Hechavarria_MIA,NA,0.0,NA,3.0,7.0,2.0,8.0,NA,NA,NA,NA,NA,NA,NA,NA,NA,NA,NA,NA,0.0,NA,3.0,NA,NA,15.0,5.0,13.0,0.0,NA,0.0,NA,17.0,3.0,NA,NA,17.0,0.0,0.0,NA,NA,NA,NA,NA,NA,NA,NA,NA,NA,NA,NA,NA,NA,NA
Omar Narvaez_CWS,NA,NA,NA,NA,NA,NA,NA,0.0,NA,NA,0.0,10.0,NA,3.0,NA,NA,0.0,0.0,NA,5.0,NA,9.0,NA,16.0,NA,NA,NA,6.0,NA,5.0,NA,0.0,NA,8.0,4.0,NA,NA,6.0,NA,7.0,0.0,NA,6.0,NA,4.0,NA,0.0,NA,8.0,NA,6.0,NA,NA
Jose Iglesias_DET,NA,NA,NA,NA,0.0,0.0,23.0,0.0,0.0,NA,0.0,15.0,17.0,7.0,12.0,NA,8.0,9.0,NA,NA,NA,NA,NA,NA,NA,0.0,5.0,0.0,14.0,4.0,NA,5.0,NA,14.0,10.0,0.0,NA,5.0,3.0,0.0,0.0,0.0,NA,NA,6.0,0.0,9.0,5.0,0.0,NA,NA,0.0,28.0
Raul Mondesi_KC,NA,0.0,NA,0.0,8.0,13.0,NA,2.0,3.0,NA,18.0,5.0,0.0,0.0,NA,NA,2.0,NA,2.0,NA,NA,NA,NA,NA,NA,NA,NA,NA,NA,NA,NA,NA,NA,NA,NA,NA,NA,NA,NA,NA,NA,NA,NA,NA,NA,NA,NA,NA,NA,NA,NA,NA,NA
Matt Joyce_OAK,NA,2.0,0.0,3.0,NA,21.0,4.0,NA,3.0,NA,7.0,NA,NA,2.0,NA,0.0,0.0,NA,NA,5.0,3.0,4.0,NA,0.0,21.0,0.0,4.0,NA,3.0,NA,9.0,12.0,18.0,0.0,7.0,NA,0.0,2.0,NA,NA,14.0,7.0,22.0,2.0,16.0,0.0,7.0,NA,NA,NA,NA,6.0,9.0
Austin Hedges_SD,NA,0.0,0.0,2.0,NA,2.0,2.0,2.0,NA,0.0,3.0,NA,5.0,19.0,NA,23.0,0.0,0.0,19.0,18.0,18.0,NA,16.0,0.0,5.0,NA,5.0,12.0,5.0,NA,0.0,0.0,0.0,NA,2.0,NA,21.0,0.0,NA,5.0,23.0,3.0,8.0,11.0,6.0,2.0,NA,3.0,0.0,5.0,NA,4.0,NA
Martin Maldonado_LAA,NA,0.0,9.0,5.0,NA,8.0,3.0,NA,NA,2.0,0.0,NA,5.0,2.0,NA,6.0,10.0,0.0,3.0,7.0,NA,0.0,2.0,0.0,9.0,NA,3.0,0.0,14.0,NA,3.0,0.0,NA,19.0,5.0,5.0,0.0,7.0,NA,2.0,7.0,8.0,NA,14.0,5.0,14.0,NA,2.0,NA,6.0,3.0,0.0,0.0
Rene Rivera_NYM,NA,3.0,NA,NA,NA,8.0,NA,0.0,NA,NA,NA,NA,6.0,0.0,NA,NA,NA,NA,5.0,2.0,0.0,NA,NA,NA,NA,NA,NA,NA,17.0,NA,NA,19.0,NA,10.0,NA,3.0,6.0,10.0,NA,NA,3.0,NA,7.0,7.0,18.0,NA,NA,5.0,4.0,NA,NA,5.0,0.0
Jake Arrieta_CHC,NA,NA,25.3,NA,NA,NA,NA,30.75,NA,NA,NA,NA,NA,13.15,NA,NA,NA,NA,NA,NA,20.7,NA,NA,NA,NA,NA,1.95,NA,NA,NA,NA,21.3,NA,NA,NA,NA,NA,NA,NA,NA,NA,NA,10.1,NA,NA,NA,NA,NA,NA,25.3,NA,NA,NA
Johnny Cueto_SF,NA,NA,12.45,NA,NA,NA,NA,24.35,NA,NA,NA,NA,23.55,NA,NA,NA,NA,NA,NA,-4.75,NA,NA,NA,NA,12.1,NA,NA,NA,NA,21.55,NA,NA,NA,NA,NA,27.55,NA,NA,NA,NA,21.2,NA,NA,NA,NA,10.1,NA,NA,NA,NA,NA,17.9,NA
Kenta Maeda_LAD,NA,NA,8.45,NA,NA,NA,NA,13.65,NA,NA,NA,NA,NA,8.0,NA,NA,NA,NA,NA,NA,3.25,NA,NA,NA,NA,NA,28.15,NA,NA,NA,NA,NA,NA,21.65,NA,NA,NA,NA,25.75,NA,NA,NA,NA,NA,NA,NA,NA,NA,NA,NA,NA,NA,NA
Lance McCullers_HOU,NA,NA,25.9,NA,NA,NA,NA,25.55,NA,NA,NA,NA,NA,6.35,NA,NA,NA,NA,30.8,NA,NA,NA,NA,NA,5.25,NA,NA,NA,NA,25.45,NA,NA,NA,NA,21.35,NA,NA,NA,NA,NA,29.1,NA,NA,NA,NA,19.3,NA,NA,NA,NA,NA,22.85,NA
Carlos Carrasco_CLE,NA,NA,23.15,NA,NA,NA,NA,NA,NA,25.35,NA,NA,NA,NA,15.6,NA,NA,NA,NA,NA,35.6,NA,NA,NA,NA,NA,22.4,NA,NA,NA,NA,19.9,NA,NA,NA,NA,NA,31.95,NA,NA,NA,NA,NA,4.85,NA,NA,NA,NA,NA,NA,NA,11.65,NA
Matt Shoemaker_LAA,NA,NA,11.05,NA,NA,NA,NA,-5.65,NA,NA,NA,NA,NA,17.8,NA,NA,NA,NA,22.75,NA,NA,NA,NA,NA,17.85,NA,NA,NA,NA,NA,10.6,NA,NA,NA,NA,6.7,NA,NA,NA,NA,29.1,NA,NA,NA,NA,24.25,NA,NA,NA,NA,NA,24.65,NA
Jake Odorizzi_TB,NA,NA,8.1,NA,NA,NA,NA,19.1,NA,NA,NA,NA,NA,1.65,NA,NA,NA,NA,NA,NA,NA,NA,NA,NA,NA,NA,NA,NA,NA,19.45,NA,NA,NA,NA,27.95,NA,NA,NA,NA,15.9,NA,NA,NA,NA,14.7,NA,NA,NA,NA,NA,20.7,NA,NA
Hisashi Iwakuma_SEA,NA,NA,9.3,NA,NA,NA,NA,12.5,NA,NA,NA,NA,NA,NA,-6.05,NA,NA,NA,NA,6.6,NA,NA,NA,NA,NA,15.75,NA,NA,NA,NA,NA,9.05,NA,NA,NA,NA,NA,NA,NA,NA,NA,NA,NA,NA,NA,NA,NA,NA,NA,NA,NA,NA,NA
Sean Manaea_OAK,NA,NA,8.7,NA,NA,NA,NA,17.8,NA,NA,NA,NA,NA,17.65,NA,NA,NA,NA,NA,22.7,NA,NA,NA,NA,-1.9,NA,NA,NA,NA,NA,NA,NA,NA,NA,NA,NA,NA,NA,NA,NA,NA,NA,NA,13.05,NA,NA,NA,NA,14.25,NA,NA,NA,NA
Adam Wainwright_STL,NA,NA,16.25,NA,NA,NA,NA,NA,-2.8,NA,NA,NA,NA,NA,3.3,NA,NA,NA,NA,25.65,NA,NA,NA,NA,NA,12.25,NA,NA,NA,NA,NA,NA,4.05,NA,NA,NA,NA,5.8,NA,NA,NA,NA,20.95,NA,NA,NA,NA,NA,NA,23.45,NA,NA,NA
CC Sabathia_NYY,NA,NA,16.25,NA,NA,NA,NA,9.5,NA,NA,NA,NA,NA,27.5,NA,NA,NA,NA,NA,3.85,NA,NA,NA,NA,NA,NA,3.55,NA,NA,NA,NA,0.4,NA,NA,NA,NA,NA,1.5,NA,NA,NA,NA,NA,NA,22.8,NA,NA,NA,NA,22.25,NA,NA,NA
Zach Davies_MIL,NA,NA,-8.05,NA,NA,NA,NA,7.85,NA,NA,NA,NA,NA,9.65,NA,NA,NA,NA,12.0,NA,NA,NA,NA,23.05,NA,NA,NA,NA,NA,7.25,NA,NA,NA,NA,NA,22.55,NA,NA,NA,NA,NA,5.25,NA,NA,NA,NA,15.3,NA,NA,NA,NA,NA,NA
Tyler Anderson_COL,NA,NA,17.35,NA,NA,NA,NA,1.85,NA,NA,NA,NA,-0.6,NA,NA,NA,NA,13.05,NA,NA,NA,NA,10.55,NA,NA,NA,NA,-3.35,NA,NA,NA,NA,NA,NA,31.3,NA,NA,NA,NA,NA,NA,18.55,NA,NA,NA,NA,NA,23.3,NA,NA,NA,NA,NA
Martin Perez_TEX,NA,NA,10.1,NA,NA,NA,NA,22.6,NA,NA,NA,NA,11.25,NA,NA,NA,NA,0.05,NA,NA,NA,NA,8.1,NA,NA,NA,NA,NA,0.15,NA,NA,NA,NA,NA,14.7,NA,NA,NA,NA,11.45,NA,NA,NA,NA,NA,NA,28.75,NA,NA,NA,NA,NA,11.45
Clayton Richard_SD,NA,NA,27.8,NA,NA,NA,NA,6.7,NA,NA,NA,NA,NA,2.9,NA,NA,NA,NA,27.6,NA,NA,NA,NA,-6.35,NA,NA,NA,NA,9.2,NA,NA,NA,NA,NA,3.45,NA,NA,NA,NA,18.15,NA,NA,NA,NA,9.5,NA,NA,NA,NA,33.75,NA,NA,NA
Patrick Corbin_ARI,NA,NA,1.6,NA,NA,NA,NA,19.9,NA,NA,NA,NA,NA,6.3,NA,NA,NA,NA,20.5,NA,NA,NA,NA,27.75,NA,NA,NA,NA,23.85,NA,NA,NA,NA,NA,-7.0,NA,NA,NA,NA,NA,10.7,NA,NA,NA,NA,11.5,NA,NA,NA,NA,NA,16.1,NA
Evan Gattis_HOU,NA,NA,2.0,14.0,NA,3.0,NA,16.0,0.0,NA,NA,NA,NA,0.0,NA,5.0,NA,8.0,2.0,NA,18.0,NA,NA,9.0,16.0,5.0,19.0,3.0,7.0,NA,5.0,NA,5.0,NA,NA,14.0,NA,NA,2.0,NA,2.0,NA,NA,4.0,NA,5.0,NA,NA,3.0,2.0,5.0,NA,2.0
Brandon Guyer_CLE,NA,NA,5.0,2.0,NA,NA,NA,0.0,NA,NA,0.0,NA,4.0,NA,3.0,NA,NA,NA,NA,16.0,NA,0.0,NA,0.0,NA,NA,0.0,NA,NA,5.0,NA,0.0,NA,NA,2.0,8.0,NA,NA,14.0,NA,0.0,NA,NA,NA,NA,NA,NA,NA,NA,NA,NA,NA,NA
Jesus Aguilar_MIL,NA,NA,5.0,NA,10.0,10.0,0.0,NA,NA,5.0,NA,NA,NA,NA,NA,NA,NA,NA,NA,NA,NA,0.0,NA,NA,NA,NA,NA,NA,NA,0.0,NA,NA,NA,NA,NA,NA,NA,NA,NA,0.0,NA,NA,NA,25.0,12.0,0.0,2.0,NA,NA,NA,NA,NA,NA
Franklin Gutierrez_LAD,NA,NA,3.0,NA,NA,0.0,NA,7.0,2.0,NA,NA,NA,NA,NA,NA,NA,NA,NA,NA,NA,NA,NA,NA,NA,NA,NA,NA,NA,NA,NA,18.0,NA,NA,NA,6.0,NA,NA,NA,NA,NA,NA,5.0,NA,NA,3.0,NA,NA,0.0,NA,NA,NA,NA,NA
Jefry Marte_LAA,NA,NA,9.0,NA,NA,NA,5.0,NA,NA,14.0,NA,0.0,2.0,NA,NA,0.0,NA,0.0,NA,NA,NA,0.0,2.0,0.0,10.0,NA,NA,2.0,21.0,NA,4.0,NA,5.0,2.0,NA,NA,NA,NA,7.0,NA,NA,3.0,NA,NA,8.0,NA,NA,NA,4.0,20.0,4.0,NA,NA
Albert Almora_CHC,NA,NA,3.0,NA,NA,NA,17.0,NA,NA,NA,NA,5.0,NA,NA,NA,9.0,NA,14.0,NA,4.0,2.0,NA,NA,0.0,NA,NA,18.0,3.0,3.0,NA,NA,NA,12.0,NA,9.0,NA,NA,7.0,0.0,NA,0.0,7.0,0.0,NA,NA,NA,2.0,NA,NA,NA,3.0,NA,0.0
Robinson Chirinos_TEX,NA,NA,0.0,NA,NA,NA,NA,25.0,NA,NA,NA,18.0,NA,NA,NA,NA,NA,0.0,NA,30.0,NA,18.0,NA,NA,7.0,NA,NA,NA,0.0,NA,NA,NA,6.0,NA,3.0,NA,NA,18.0,NA,NA,NA,7.0,NA,NA,2.0,NA,7.0,NA,NA,5.0,NA,NA,0.0
Austin Jackson_CLE,NA,NA,10.0,0.0,NA,NA,NA,5.0,NA,NA,2.0,NA,9.0,NA,2.0,NA,NA,NA,NA,7.0,NA,8.0,NA,14.0,NA,NA,0.0,NA,NA,5.0,NA,NA,NA,NA,NA,NA,NA,NA,NA,NA,NA,NA,NA,NA,NA,NA,NA,NA,NA,NA,NA,NA,NA
Marwin Gonzalez_HOU,NA,NA,14.0,NA,16.0,NA,7.0,18.0,2.0,4.0,NA,NA,8.0,NA,NA,2.0,0.0,2.0,0.0,NA,2.0,NA,NA,NA,12.0,19.0,NA,NA,18.0,NA,36.0,23.0,26.0,5.0,5.0,NA,NA,NA,3.0,NA,5.0,NA,NA,NA,14.0,2.0,NA,NA,NA,21.0,8.0,7.0,2.0
Kolten Wong_STL,NA,NA,3.0,NA,7.0,3.0,6.0,NA,9.0,NA,0.0,NA,0.0,NA,NA,14.0,5.0,0.0,14.0,14.0,5.0,23.0,NA,5.0,NA,3.0,13.0,NA,3.0,7.0,10.0,NA,20.0,7.0,5.0,7.0,7.0,4.0,9.0,NA,0.0,NA,9.0,NA,5.0,13.0,NA,12.0,0.0,NA,NA,NA,9.0
Ryan Rua_TEX,NA,NA,2.0,NA,NA,NA,0.0,14.0,NA,0.0,NA,NA,NA,0.0,NA,NA,NA,NA,3.0,NA,NA,9.0,NA,3.0,23.0,NA,5.0,NA,0.0,NA,NA,7.0,NA,NA,NA,4.0,NA,18.0,NA,0.0,NA,NA,0.0,NA,NA,NA,25.0,12.0,NA,8.0,NA,NA,7.0
Gorkys Hernandez_SF,NA,NA,20.0,0.0,0.0,0.0,NA,NA,NA,2.0,NA,NA,NA,NA,NA,NA,NA,0.0,NA,NA,5.0,5.0,NA,NA,10.0,2.0,NA,NA,5.0,5.0,6.0,11.0,NA,3.0,9.0,5.0,2.0,0.0,2.0,NA,NA,NA,NA,NA,NA,0.0,NA,NA,NA,NA,11.0,0.0,NA
Peter Bourjos_TB,NA,NA,2.0,NA,NA,11.0,NA,NA,NA,NA,3.0,NA,NA,0.0,NA,NA,NA,NA,5.0,NA,NA,NA,NA,5.0,NA,NA,NA,0.0,NA,0.0,NA,15.0,NA,0.0,NA,NA,NA,NA,NA,5.0,NA,0.0,NA,NA,NA,NA,NA,NA,NA,3.0,NA,NA,NA
Chris Marrero_SF,NA,NA,2.0,NA,0.0,NA,NA,5.0,NA,2.0,NA,NA,19.0,NA,0.0,NA,0.0,NA,NA,9.0,0.0,NA,NA,NA,NA,NA,NA,NA,NA,NA,NA,NA,NA,NA,NA,NA,NA,NA,NA,NA,NA,NA,NA,NA,NA,NA,NA,NA,NA,NA,NA,NA,NA
Enrique Hernandez_LAD,NA,NA,2.0,NA,NA,2.0,NA,4.0,NA,NA,NA,5.0,NA,7.0,NA,14.0,4.0,17.0,NA,NA,18.0,NA,3.0,0.0,NA,2.0,7.0,NA,5.0,NA,4.0,NA,NA,NA,9.0,NA,NA,NA,NA,NA,NA,9.0,NA,0.0,8.0,NA,NA,7.0,19.0,7.0,NA,NA,NA
Daniel Robertson_TB,NA,NA,0.0,NA,NA,3.0,NA,8.0,NA,NA,5.0,0.0,NA,2.0,0.0,NA,NA,NA,18.0,NA,NA,NA,NA,NA,NA,NA,NA,2.0,2.0,7.0,7.0,16.0,2.0,16.0,NA,9.0,NA,NA,NA,0.0,NA,2.0,NA,NA,5.0,5.0,NA,5.0,14.0,0.0,5.0,0.0,0.0
Rickie Weeks_TB,NA,NA,0.0,NA,NA,12.0,NA,NA,NA,NA,16.0,NA,NA,2.0,0.0,5.0,NA,NA,6.0,NA,NA,3.0,NA,7.0,NA,NA,NA,5.0,0.0,6.0,NA,13.0,NA,0.0,NA,NA,NA,15.0,23.0,0.0,10.0,0.0,10.0,NA,NA,NA,NA,NA,NA,0.0,NA,NA,NA
Erick Aybar_SD,NA,NA,15.0,2.0,2.0,2.0,NA,3.0,0.0,3.0,2.0,NA,4.0,0.0,2.0,NA,2.0,14.0,9.0,5.0,0.0,3.0,10.0,3.0,26.0,5.0,8.0,14.0,7.0,NA,2.0,14.0,0.0,5.0,NA,NA,2.0,NA,24.0,3.0,5.0,0.0,NA,10.0,0.0,0.0,NA,2.0,7.0,5.0,NA,3.0,0.0
Chris Sale_BOS,NA,NA,NA,27.35,NA,NA,NA,NA,29.65,NA,NA,NA,NA,38.15,NA,NA,NA,NA,41.0,NA,NA,NA,NA,NA,NA,28.6,NA,NA,NA,NA,37.0,NA,NA,NA,NA,24.7,NA,NA,NA,NA,NA,35.35,NA,NA,NA,NA,NA,27.55,NA,NA,NA,NA,22.3
Jacob deGrom_NYM,NA,NA,NA,23.7,NA,NA,NA,NA,10.7,NA,NA,NA,NA,34.75,NA,NA,NA,NA,NA,NA,18.95,NA,NA,NA,NA,NA,33.55,NA,NA,NA,NA,7.45,NA,NA,NA,NA,25.3,NA,NA,NA,NA,NA,14.1,NA,NA,NA,NA,33.55,NA,NA,NA,NA,NA
Cole Hamels_TEX,NA,NA,NA,11.3,NA,NA,NA,NA,NA,18.35,NA,NA,NA,NA,3.85,NA,NA,NA,NA,22.4,NA,NA,NA,NA,9.0,NA,NA,NA,NA,NA,NA,NA,NA,NA,NA,NA,NA,NA,NA,NA,NA,NA,NA,NA,NA,NA,NA,NA,NA,NA,NA,NA,NA
Ian Kennedy_KC,NA,NA,NA,10.45,NA,NA,NA,NA,12.7,NA,NA,NA,NA,NA,35.6,NA,NA,NA,NA,NA,15.55,NA,NA,NA,NA,NA,17.6,NA,NA,NA,NA,NA,2.95,NA,NA,NA,NA,NA,NA,NA,NA,NA,NA,NA,NA,NA,NA,NA,NA,-7.1,NA,NA,NA
Michael Pineda_NYY,NA,NA,NA,7.45,NA,NA,NA,NA,40.05,NA,NA,NA,NA,NA,23.55,NA,NA,NA,NA,NA,13.05,NA,NA,NA,NA,NA,NA,28.4,NA,NA,NA,NA,NA,18.5,NA,NA,NA,NA,NA,18.8,NA,NA,NA,NA,NA,16.1,NA,NA,NA,NA,22.05,NA,NA
Tanner Roark_WSH,NA,NA,NA,21.3,NA,NA,NA,NA,11.05,NA,NA,NA,NA,15.35,NA,NA,NA,NA,NA,13.6,NA,NA,NA,NA,13.85,NA,NA,NA,NA,NA,16.7,NA,NA,NA,NA,20.5,NA,NA,NA,NA,NA,7.1,NA,NA,NA,NA,-3.95,NA,NA,NA,NA,NA,28.95
Danny Salazar_CLE,NA,NA,NA,17.35,NA,NA,NA,NA,NA,NA,27.3,NA,NA,NA,NA,24.1,NA,NA,NA,NA,NA,14.65,NA,NA,NA,NA,NA,20.65,NA,NA,NA,NA,NA,14.5,NA,NA,NA,NA,-0.2,NA,NA,NA,NA,NA,14.45,NA,NA,NA,NA,20.55,NA,NA,NA
Alex Cobb_TB,NA,NA,NA,19.75,NA,NA,NA,NA,18.3,NA,NA,NA,NA,NA,-3.95,NA,NA,NA,NA,13.5,NA,NA,NA,NA,7.25,NA,NA,NA,NA,NA,17.9,NA,NA,NA,NA,15.8,NA,NA,NA,NA,18.05,NA,NA,NA,NA,22.95,NA,NA,NA,NA,NA,13.1,NA
Taijuan Walker_ARI,NA,NA,NA,18.7,NA,NA,NA,NA,5.25,NA,NA,NA,NA,NA,24.25,NA,NA,NA,NA,11.95,NA,NA,NA,NA,NA,37.0,NA,NA,NA,NA,10.5,NA,NA,NA,NA,8.55,NA,NA,NA,NA,NA,8.1,NA,NA,NA,NA,NA,20.5,NA,NA,NA,NA,NA
Jerad Eickhoff_PHI,NA,NA,NA,19.4,NA,NA,NA,NA,22.15,NA,NA,NA,NA,NA,12.7,NA,NA,NA,NA,NA,20.85,NA,NA,NA,NA,NA,1.55,NA,NA,NA,NA,10.55,NA,NA,NA,NA,NA,-4.35,NA,NA,NA,NA,NA,NA,20.1,NA,NA,NA,NA,NA,8.1,NA,NA
Matt Moore_SF,NA,NA,NA,6.0,NA,NA,NA,NA,27.6,NA,NA,NA,NA,4.95,NA,NA,NA,NA,NA,NA,-1.0,NA,NA,NA,NA,26.75,NA,NA,NA,NA,-11.1,NA,NA,NA,NA,NA,10.6,NA,NA,NA,NA,25.9,NA,NA,NA,NA,NA,15.3,NA,NA,NA,NA,9.5
J.A. Happ_TOR,NA,NA,NA,24.75,NA,NA,NA,NA,NA,13.1,NA,NA,NA,NA,11.35,NA,NA,NA,NA,NA,NA,NA,NA,NA,NA,NA,NA,NA,NA,NA,NA,NA,NA,NA,NA,NA,NA,NA,NA,NA,NA,NA,NA,NA,NA,NA,NA,NA,NA,NA,NA,NA,NA
James Paxton_SEA,NA,NA,NA,21.7,NA,NA,NA,NA,32.15,NA,NA,NA,NA,38.2,NA,NA,NA,NA,9.75,NA,NA,NA,NA,NA,34.75,NA,NA,NA,NA,NA,16.6,NA,NA,NA,NA,NA,NA,NA,NA,NA,NA,NA,NA,NA,NA,NA,NA,NA,NA,NA,NA,NA,NA
Dylan Bundy_BAL,NA,NA,NA,31.35,NA,NA,NA,NA,NA,8.85,NA,NA,NA,NA,25.9,NA,NA,NA,NA,21.55,NA,NA,NA,NA,12.65,NA,NA,NA,NA,13.75,NA,NA,NA,NA,13.3,NA,NA,NA,NA,NA,22.5,NA,NA,NA,NA,NA,0.3,NA,NA,NA,NA,20.35,NA
Bartolo Colon_ATL,NA,NA,NA,21.7,NA,NA,NA,NA,NA,-4.4,NA,NA,NA,NA,28.55,NA,NA,NA,NA,8.55,NA,NA,NA,NA,NA,NA,2.05,NA,NA,NA,NA,-7.0,NA,NA,NA,NA,NA,-2.05,NA,NA,NA,NA,NA,7.85,NA,NA,NA,NA,15.55,NA,NA,NA,NA
Dan Straily_MIA,NA,NA,NA,-7.3,NA,NA,NA,NA,NA,17.65,NA,NA,NA,NA,19.0,NA,NA,NA,NA,NA,37.35,NA,NA,NA,NA,NA,NA,11.8,NA,NA,NA,NA,4.45,NA,NA,NA,NA,20.75,NA,NA,NA,NA,NA,16.05,NA,NA,NA,NA,22.55,NA,NA,NA,NA
Brandon Finnegan_CIN,NA,NA,NA,36.55,NA,NA,NA,NA,5.1,NA,NA,NA,NA,-2.15,NA,NA,NA,NA,NA,NA,NA,NA,NA,NA,NA,NA,NA,NA,NA,NA,NA,NA,NA,NA,NA,NA,NA,NA,NA,NA,NA,NA,NA,NA,NA,NA,NA,NA,NA,NA,NA,NA,NA
Jameson Taillon_PIT,NA,NA,NA,22.95,NA,NA,NA,NA,NA,13.9,NA,NA,NA,NA,25.75,NA,NA,NA,NA,NA,7.2,NA,NA,NA,NA,NA,17.05,NA,NA,NA,NA,5.25,NA,NA,NA,NA,NA,NA,NA,NA,NA,NA,NA,NA,NA,NA,NA,NA,NA,NA,NA,NA,NA
Charlie Morton_HOU,NA,NA,NA,13.3,NA,NA,NA,NA,11.85,NA,NA,NA,NA,NA,NA,16.45,NA,NA,NA,NA,7.25,NA,NA,NA,NA,NA,31.55,NA,NA,NA,NA,27.3,NA,NA,NA,NA,NA,19.35,NA,NA,NA,NA,23.35,NA,NA,NA,NA,7.4,NA,NA,NA,NA,19.55
Tyler Chatwood_COL,NA,NA,NA,10.7,NA,NA,NA,NA,12.0,NA,NA,NA,NA,35.45,NA,NA,NA,NA,NA,7.5,NA,NA,NA,NA,2.65,NA,NA,NA,NA,NA,5.2,NA,NA,NA,NA,24.75,NA,NA,NA,NA,5.75,NA,NA,NA,NA,NA,9.25,NA,NA,NA,NA,NA,32.75
Hector Santiago_MIN,NA,NA,NA,17.05,NA,NA,NA,NA,NA,9.25,NA,NA,NA,NA,23.55,NA,NA,NA,NA,19.45,NA,NA,NA,NA,13.25,NA,NA,NA,NA,NA,NA,11.3,NA,NA,NA,NA,NA,22.2,NA,NA,NA,NA,-9.4,NA,NA,NA,NA,1.85,NA,NA,NA,NA,NA
Wily Peralta_MIL,NA,NA,NA,22.85,NA,NA,NA,NA,NA,20.1,NA,NA,NA,NA,11.3,NA,NA,NA,NA,-8.4,NA,NA,NA,NA,15.25,NA,NA,NA,NA,NA,17.8,NA,NA,NA,NA,NA,NA,4.95,NA,NA,NA,NA,-5.05,NA,NA,NA,NA,NA,NA,NA,NA,NA,NA
Anthony Rendon_WSH,NA,NA,NA,0.0,2.0,5.0,6.0,0.0,2.0,NA,3.0,NA,10.0,5.0,12.0,NA,2.0,11.0,5.0,7.0,4.0,0.0,13.0,7.0,0.0,NA,7.0,2.0,71.0,NA,7.0,0.0,9.0,24.0,20.0,7.0,7.0,10.0,9.0,NA,NA,0.0,14.0,NA,5.0,2.0,6.0,2.0,5.0,NA,NA,41.0,18.0
Hernan Perez_MIL,NA,NA,NA,7.0,2.0,3.0,NA,0.0,NA,3.0,NA,NA,NA,26.0,2.0,NA,NA,5.0,2.0,NA,NA,NA,32.0,38.0,7.0,NA,20.0,2.0,2.0,NA,3.0,NA,13.0,3.0,14.0,0.0,NA,NA,10.0,0.0,22.0,7.0,16.0,15.0,5.0,3.0,0.0,NA,NA,8.0,NA,5.0,7.0
Aaron Altherr_PHI,NA,NA,NA,3.0,NA,NA,NA,NA,NA,NA,NA,NA,NA,NA,7.0,NA,NA,11.0,15.0,12.0,17.0,14.0,NA,NA,7.0,NA,0.0,NA,0.0,22.0,19.0,7.0,17.0,7.0,NA,NA,NA,23.0,34.0,NA,NA,4.0,4.0,NA,0.0,7.0,8.0,2.0,9.0,0.0,12.0,6.0,2.0
Cheslor Cuthbert_KC,NA,NA,NA,2.0,NA,NA,17.0,NA,NA,NA,0.0,NA,NA,NA,0.0,NA,NA,0.0,NA,5.0,NA,0.0,NA,NA,3.0,NA,NA,NA,NA,NA,0.0,NA,5.0,NA,NA,NA,0.0,NA,0.0,5.0,NA,NA,NA,NA,NA,NA,NA,5.0,NA,NA,NA,NA,NA
Justin Smoak_TOR,NA,NA,NA,10.0,3.0,9.0,3.0,0.0,NA,0.0,NA,NA,19.0,0.0,NA,NA,21.0,0.0,3.0,11.0,21.0,3.0,5.0,NA,NA,NA,0.0,24.0,3.0,5.0,5.0,7.0,NA,19.0,0.0,0.0,9.0,0.0,9.0,30.0,0.0,3.0,21.0,27.0,10.0,16.0,NA,9.0,14.0,5.0,NA,NA,5.0
Delino DeShields_TEX,NA,NA,NA,0.0,NA,NA,NA,5.0,NA,NA,NA,NA,NA,0.0,NA,NA,NA,NA,7.0,0.0,NA,NA,NA,NA,30.0,NA,10.0,4.0,12.0,5.0,14.0,0.0,5.0,12.0,13.0,2.0,0.0,NA,6.0,0.0,5.0,8.0,17.0,NA,4.0,14.0,0.0,10.0,3.0,6.0,NA,11.0,11.0
Trey Mancini_BAL,NA,NA,NA,0.0,NA,NA,NA,4.0,NA,5.0,34.0,5.0,NA,NA,35.0,NA,NA,3.0,NA,0.0,16.0,0.0,NA,NA,NA,NA,5.0,NA,4.0,NA,7.0,8.0,NA,NA,23.0,11.0,21.0,0.0,NA,NA,3.0,2.0,NA,NA,13.0,8.0,0.0,5.0,NA,10.0,11.0,0.0,5.0
Chris Young_BOS,NA,NA,NA,4.0,NA,12.0,0.0,12.0,0.0,12.0,10.0,NA,2.0,5.0,8.0,3.0,2.0,0.0,NA,NA,10.0,NA,NA,NA,NA,NA,NA,NA,NA,NA,NA,13.0,NA,NA,28.0,16.0,NA,2.0,NA,NA,7.0,0.0,NA,NA,NA,NA,5.0,NA,10.0,NA,NA,NA,6.0
Kirk Nieuwenhuis_MIL,NA,NA,NA,0.0,NA,NA,4.0,NA,NA,NA,0.0,NA,NA,NA,2.0,NA,NA,NA,11.0,NA,NA,NA,NA,NA,NA,NA,NA,NA,NA,NA,NA,NA,NA,NA,NA,NA,NA,NA,NA,NA,NA,NA,NA,NA,NA,NA,NA,NA,NA,NA,NA,NA,NA
Joey Rickard_BAL,NA,NA,NA,0.0,NA,NA,NA,NA,NA,NA,NA,NA,NA,NA,NA,NA,NA,NA,NA,NA,NA,NA,NA,NA,NA,NA,12.0,NA,13.0,NA,0.0,8.0,NA,NA,NA,18.0,16.0,NA,NA,NA,0.0,NA,14.0,NA,0.0,NA,NA,NA,NA,NA,NA,NA,NA
Travis d'Arnaud_NYM,NA,NA,NA,3.0,9.0,NA,2.0,NA,0.0,28.0,4.0,40.0,NA,NA,5.0,NA,0.0,0.0,NA,NA,NA,NA,NA,NA,0.0,2.0,36.0,4.0,NA,4.0,0.0,NA,NA,NA,NA,NA,NA,NA,NA,NA,NA,NA,NA,NA,NA,NA,NA,NA,NA,NA,NA,NA,NA
Eduardo Escobar_MIN,NA,NA,NA,25.0,NA,9.0,3.0,NA,NA,NA,0.0,NA,NA,7.0,NA,5.0,NA,NA,NA,NA,3.0,0.0,NA,NA,16.0,NA,NA,NA,NA,NA,NA,10.0,16.0,3.0,0.0,4.0,NA,5.0,NA,27.0,NA,NA,NA,NA,0.0,NA,0.0,NA,NA,0.0,13.0,NA,8.0
Manny Pina_MIL,NA,NA,NA,0.0,NA,5.0,NA,NA,NA,11.0,NA,5.0,24.0,NA,7.0,NA,7.0,NA,NA,8.0,NA,16.0,10.0,8.0,NA,NA,NA,0.0,NA,8.0,NA,NA,NA,0.0,0.0,NA,NA,2.0,NA,5.0,NA,NA,25.0,NA,11.0,NA,2.0,NA,NA,NA,NA,5.0,NA
Roberto Perez_CLE,NA,NA,NA,5.0,NA,NA,0.0,NA,NA,NA,0.0,NA,2.0,NA,NA,NA,3.0,NA,3.0,NA,NA,2.0,NA,NA,0.0,NA,NA,NA,19.0,0.0,NA,NA,NA,2.0,NA,NA,4.0,NA,NA,NA,NA,NA,5.0,NA,NA,0.0,NA,0.0,NA,NA,NA,NA,2.0
Chris Iannetta_ARI,NA,NA,NA,5.0,NA,2.0,NA,NA,NA,7.0,NA,NA,NA,NA,16.0,NA,14.0,NA,10.0,NA,NA,0.0,NA,0.0,NA,NA,3.0,NA,0.0,NA,NA,NA,3.0,NA,3.0,NA,NA,NA,3.0,NA,16.0,NA,NA,NA,NA,NA,NA,NA,NA,14.0,NA,NA,2.0
Jake Marisnick_HOU,NA,NA,NA,0.0,0.0,NA,5.0,NA,NA,NA,NA,NA,NA,10.0,NA,NA,NA,NA,14.0,NA,3.0,0.0,NA,NA,NA,NA,NA,NA,NA,NA,3.0,NA,0.0,NA,NA,5.0,NA,NA,12.0,NA,0.0,NA,0.0,NA,39.0,6.0,NA,NA,NA,NA,NA,13.0,0.0
Nick Ahmed_ARI,NA,NA,NA,7.0,NA,5.0,NA,NA,NA,NA,NA,NA,3.0,23.0,NA,NA,NA,0.0,10.0,NA,NA,0.0,NA,10.0,NA,0.0,NA,0.0,2.0,NA,5.0,5.0,0.0,NA,8.0,5.0,NA,NA,23.0,NA,NA,28.0,12.0,0.0,3.0,3.0,NA,NA,NA,3.0,NA,0.0,21.0
Kurt Suzuki_ATL,NA,NA,NA,5.0,NA,2.0,6.0,NA,NA,NA,NA,NA,NA,0.0,NA,5.0,4.0,NA,8.0,NA,NA,2.0,NA,NA,NA,24.0,NA,NA,0.0,NA,11.0,NA,NA,NA,NA,2.0,NA,NA,3.0,NA,NA,NA,5.0,NA,NA,27.0,NA,25.0,NA,0.0,NA,13.0,NA
Rich Hill_LAD,NA,NA,NA,20.25,NA,NA,NA,NA,NA,NA,NA,NA,NA,NA,2.55,NA,NA,NA,NA,NA,NA,NA,NA,NA,NA,NA,NA,NA,NA,NA,NA,NA,NA,NA,NA,NA,NA,NA,NA,NA,NA,NA,NA,NA,17.05,NA,NA,NA,NA,NA,NA,NA,0.4
Jharel Cotton_OAK,NA,NA,NA,1.75,NA,NA,NA,NA,28.75,NA,NA,NA,NA,NA,NA,3.2,NA,NA,NA,NA,12.1,NA,NA,NA,NA,NA,5.15,NA,NA,NA,NA,NA,27.9,NA,NA,NA,NA,5.85,NA,NA,NA,NA,NA,NA,NA,NA,NA,NA,NA,NA,NA,NA,NA
Garrett Richards_LAA,NA,NA,NA,16.1,NA,NA,NA,NA,NA,NA,NA,NA,NA,NA,NA,NA,NA,NA,NA,NA,NA,NA,NA,NA,NA,NA,NA,NA,NA,NA,NA,NA,NA,NA,NA,NA,NA,NA,NA,NA,NA,NA,NA,NA,NA,NA,NA,NA,NA,NA,NA,NA,NA
Trevor Cahill_SD,NA,NA,NA,17.35,NA,NA,NA,NA,NA,NA,NA,NA,NA,NA,17.15,NA,NA,NA,NA,27.35,NA,NA,NA,NA,12.95,NA,NA,NA,NA,NA,29.7,NA,NA,NA,NA,NA,25.8,NA,NA,NA,NA,16.1,NA,NA,NA,NA,NA,NA,NA,NA,NA,NA,NA
Daniel Nava_PHI,NA,NA,NA,NA,32.0,NA,NA,NA,NA,NA,NA,NA,NA,NA,9.0,NA,7.0,NA,7.0,NA,NA,9.0,NA,NA,NA,4.0,NA,8.0,6.0,NA,NA,9.0,NA,NA,NA,5.0,NA,NA,NA,NA,NA,NA,NA,NA,NA,6.0,NA,7.0,NA,NA,NA,NA,NA
Clay Buchholz_PHI,NA,NA,NA,NA,3.85,NA,NA,NA,NA,-8.15,NA,NA,NA,NA,NA,NA,NA,NA,NA,NA,NA,NA,NA,NA,NA,NA,NA,NA,NA,NA,NA,NA,NA,NA,NA,NA,NA,NA,NA,NA,NA,NA,NA,NA,NA,NA,NA,NA,NA,NA,NA,NA,NA
Jeff Samardzija_SF,NA,NA,NA,NA,12.0,NA,NA,NA,NA,17.0,NA,NA,NA,NA,18.95,NA,NA,NA,NA,NA,NA,4.0,NA,NA,NA,NA,17.55,NA,NA,NA,NA,38.2,NA,NA,NA,NA,NA,15.75,NA,NA,NA,NA,23.6,NA,NA,NA,NA,NA,30.4,NA,NA,NA,NA
Geovany Soto_CWS,NA,NA,NA,NA,34.0,2.0,14.0,NA,NA,3.0,NA,NA,NA,NA,NA,NA,NA,NA,NA,NA,0.0,NA,0.0,NA,3.0,NA,7.0,NA,4.0,NA,12.0,NA,2.0,NA,NA,0.0,NA,NA,NA,NA,NA,NA,NA,NA,NA,NA,NA,NA,NA,NA,NA,NA,NA
Danny Santana_MIN,NA,NA,NA,NA,3.0,NA,NA,NA,NA,0.0,0.0,NA,NA,7.0,NA,NA,NA,NA,NA,NA,NA,0.0,NA,NA,NA,NA,NA,NA,NA,NA,NA,NA,17.0,NA,NA,NA,NA,NA,NA,NA,NA,NA,NA,NA,NA,NA,NA,NA,NA,NA,NA,NA,NA
Kyle Gibson_MIN,NA,NA,NA,NA,11.05,NA,NA,NA,NA,NA,-0.6,NA,NA,NA,NA,3.4,NA,NA,NA,NA,NA,-6.0,NA,NA,NA,NA,3.2,NA,NA,NA,NA,NA,0.4,NA,NA,NA,NA,NA,NA,NA,NA,NA,NA,NA,NA,NA,NA,NA,NA,NA,6.65,NA,NA
Chris Herrmann_ARI,NA,NA,NA,NA,10.0,NA,NA,0.0,NA,NA,NA,NA,NA,0.0,NA,NA,NA,0.0,NA,NA,16.0,NA,5.0,NA,NA,0.0,NA,NA,NA,NA,21.0,NA,0.0,NA,NA,6.0,NA,NA,NA,NA,NA,NA,2.0,NA,NA,21.0,NA,NA,21.0,NA,NA,14.0,NA
Jesus Sucre_TB,NA,NA,NA,NA,0.0,NA,NA,21.0,NA,NA,NA,7.0,NA,NA,0.0,NA,NA,NA,3.0,NA,NA,10.0,NA,NA,NA,NA,NA,5.0,NA,NA,NA,4.0,NA,NA,NA,0.0,NA,3.0,NA,NA,NA,NA,16.0,NA,NA,23.0,NA,NA,9.0,NA,NA,NA,NA
Jered Weaver_SD,NA,NA,NA,NA,1.85,NA,NA,NA,NA,17.7,NA,NA,NA,NA,NA,11.3,NA,NA,NA,NA,12.5,NA,NA,NA,NA,-0.05,NA,NA,NA,NA,NA,-3.0,NA,NA,NA,NA,NA,-5.25,NA,NA,NA,NA,12.7,NA,NA,NA,NA,-16.7,NA,NA,NA,NA,NA
Carlos Perez_LAA,NA,NA,NA,NA,0.0,NA,NA,0.0,NA,NA,NA,0.0,NA,NA,0.0,NA,NA,NA,NA,NA,NA,NA,NA,NA,NA,NA,NA,NA,NA,NA,NA,NA,NA,NA,NA,NA,NA,NA,NA,NA,NA,NA,NA,NA,NA,NA,NA,NA,NA,NA,NA,NA,NA
Mark Canha_OAK,NA,NA,NA,NA,0.0,NA,0.0,7.0,NA,NA,NA,0.0,3.0,NA,NA,NA,NA,NA,NA,NA,NA,NA,NA,NA,NA,NA,NA,NA,NA,NA,NA,NA,NA,NA,NA,NA,NA,NA,8.0,NA,NA,NA,3.0,NA,33.0,2.0,NA,29.0,16.0,0.0,NA,4.0,NA
Josh Phegley_OAK,NA,NA,NA,NA,0.0,NA,NA,6.0,NA,NA,NA,NA,0.0,NA,NA,NA,NA,11.0,7.0,NA,0.0,NA,NA,NA,NA,0.0,NA,NA,7.0,NA,NA,0.0,NA,NA,NA,NA,NA,NA,NA,NA,NA,NA,NA,NA,5.0,NA,NA,0.0,8.0,5.0,NA,NA,3.0
Adam Rosales_OAK,NA,NA,NA,NA,5.0,NA,NA,5.0,NA,NA,NA,5.0,3.0,2.0,NA,0.0,19.0,3.0,9.0,7.0,14.0,0.0,NA,3.0,6.0,0.0,2.0,NA,12.0,NA,0.0,9.0,5.0,6.0,7.0,9.0,5.0,7.0,0.0,NA,3.0,8.0,16.0,NA,3.0,0.0,5.0,0.0,0.0,2.0,NA,0.0,2.0
Jason Hammel_KC,NA,NA,NA,NA,3.85,NA,NA,NA,NA,NA,5.1,NA,NA,NA,NA,NA,13.3,NA,NA,NA,NA,5.35,NA,NA,NA,NA,NA,NA,1.35,NA,NA,NA,NA,24.5,NA,NA,NA,NA,6.75,NA,NA,NA,NA,NA,-2.5,NA,NA,NA,NA,NA,NA,NA,16.7
Miguel Montero_CHC,NA,NA,NA,NA,0.0,NA,NA,7.0,NA,NA,NA,NA,0.0,NA,NA,8.0,24.0,NA,NA,NA,NA,3.0,15.0,NA,NA,NA,NA,17.0,NA,NA,NA,3.0,16.0,NA,NA,NA,NA,NA,0.0,NA,NA,NA,0.0,NA,NA,8.0,NA,NA,NA,NA,NA,NA,10.0
Jon Jay_CHC,NA,NA,NA,NA,12.0,NA,NA,3.0,NA,NA,0.0,NA,NA,NA,NA,NA,16.0,4.0,NA,NA,NA,3.0,NA,NA,12.0,NA,NA,9.0,7.0,2.0,NA,NA,10.0,2.0,11.0,7.0,NA,NA,0.0,NA,NA,NA,NA,NA,NA,9.0,NA,7.0,NA,NA,NA,NA,NA
Matt Adams_STL,NA,NA,NA,NA,5.0,NA,6.0,3.0,NA,NA,0.0,NA,3.0,NA,0.0,NA,NA,NA,NA,NA,NA,NA,NA,2.0,NA,17.0,NA,NA,NA,NA,NA,NA,NA,NA,NA,NA,NA,NA,NA,NA,NA,NA,NA,NA,NA,NA,NA,NA,NA,NA,NA,NA,NA
Lance Lynn_STL,NA,NA,NA,NA,12.4,NA,NA,NA,NA,5.85,NA,NA,NA,NA,NA,26.15,NA,NA,NA,NA,26.5,NA,NA,NA,NA,NA,20.7,NA,NA,NA,NA,NA,NA,24.7,NA,NA,NA,NA,5.6,NA,NA,NA,NA,NA,14.5,NA,NA,NA,NA,NA,NA,33.6,NA
John Lackey_CHC,NA,NA,NA,NA,20.7,NA,NA,NA,NA,NA,27.3,NA,NA,NA,NA,4.7,NA,NA,NA,NA,NA,12.7,NA,NA,NA,NA,NA,12.1,NA,NA,NA,NA,11.25,NA,NA,NA,NA,36.15,NA,NA,NA,NA,NA,NA,10.6,NA,NA,NA,NA,NA,6.65,NA,NA
Miguel Rojas_MIA,NA,NA,NA,NA,3.0,NA,15.0,5.0,NA,NA,0.0,9.0,15.0,9.0,7.0,0.0,NA,0.0,NA,NA,0.0,NA,NA,NA,NA,NA,NA,NA,7.0,NA,5.0,18.0,NA,22.0,6.0,0.0,NA,NA,NA,NA,NA,NA,NA,NA,NA,NA,NA,NA,NA,NA,NA,NA,NA
Darwin Barney_TOR,NA,NA,NA,NA,10.0,NA,NA,NA,NA,NA,0.0,3.0,5.0,NA,NA,NA,3.0,9.0,5.0,NA,7.0,NA,NA,6.0,NA,10.0,10.0,0.0,4.0,NA,NA,10.0,NA,NA,0.0,14.0,3.0,3.0,10.0,NA,8.0,0.0,0.0,NA,12.0,0.0,0.0,0.0,3.0,0.0,NA,NA,NA
Brandon McCarthy_LAD,NA,NA,NA,NA,18.5,NA,NA,NA,NA,NA,21.3,NA,NA,NA,NA,18.45,NA,NA,NA,NA,NA,24.15,NA,NA,NA,NA,NA,3.85,NA,NA,NA,NA,NA,NA,NA,NA,NA,NA,NA,NA,NA,NA,NA,5.35,NA,NA,NA,NA,NA,23.1,NA,NA,NA
Cliff Pennington_LAA,NA,NA,NA,NA,2.0,NA,NA,NA,NA,NA,NA,NA,NA,NA,3.0,NA,NA,NA,NA,NA,NA,0.0,NA,NA,NA,3.0,NA,NA,NA,NA,NA,12.0,NA,NA,0.0,NA,2.0,10.0,NA,7.0,15.0,NA,NA,NA,NA,NA,NA,NA,7.0,NA,NA,5.0,0.0
Aaron Hill_SF,NA,NA,NA,NA,16.0,4.0,NA,3.0,NA,0.0,NA,NA,NA,NA,NA,NA,NA,2.0,NA,NA,NA,NA,NA,NA,NA,NA,NA,NA,NA,NA,NA,NA,NA,NA,NA,NA,NA,NA,NA,NA,NA,NA,NA,NA,NA,NA,NA,NA,NA,NA,NA,NA,NA
Chase Anderson_MIL,NA,NA,NA,NA,16.5,NA,NA,NA,NA,NA,31.35,NA,NA,NA,NA,16.45,NA,NA,NA,NA,20.7,NA,NA,NA,NA,NA,5.3,NA,NA,NA,NA,NA,8.5,NA,NA,NA,NA,NA,8.5,NA,NA,NA,NA,8.6,NA,NA,NA,NA,NA,-5.6,NA,NA,NA
Hector Sanchez_SD,NA,NA,NA,NA,0.0,NA,NA,NA,NA,NA,NA,NA,NA,NA,0.0,NA,NA,NA,NA,NA,NA,NA,NA,NA,NA,NA,NA,NA,NA,NA,NA,NA,NA,0.0,NA,NA,NA,NA,NA,NA,NA,NA,NA,NA,NA,NA,NA,NA,NA,NA,NA,NA,NA
Daniel Descalso_ARI,NA,NA,NA,NA,3.0,NA,NA,10.0,NA,NA,NA,NA,0.0,4.0,NA,0.0,NA,NA,NA,NA,2.0,0.0,NA,14.0,NA,NA,0.0,NA,22.0,NA,NA,NA,2.0,NA,NA,5.0,NA,NA,NA,2.0,NA,NA,NA,NA,4.0,NA,NA,NA,NA,NA,20.0,NA,3.0
James Shields_CWS,NA,NA,NA,NA,19.8,NA,NA,NA,NA,20.2,NA,NA,NA,NA,16.7,NA,NA,NA,NA,NA,NA,NA,NA,NA,NA,NA,NA,NA,NA,NA,NA,NA,NA,NA,NA,NA,NA,NA,NA,NA,NA,NA,NA,NA,NA,NA,NA,NA,NA,NA,NA,NA,NA
Ben Revere_LAA,NA,NA,NA,NA,3.0,NA,NA,11.0,NA,NA,7.0,NA,NA,10.0,0.0,0.0,NA,NA,NA,NA,NA,0.0,NA,NA,NA,3.0,NA,5.0,NA,NA,NA,13.0,3.0,0.0,NA,8.0,18.0,19.0,3.0,0.0,NA,NA,5.0,NA,NA,19.0,NA,NA,NA,NA,NA,NA,0.0
Chase Utley_LAD,NA,NA,NA,NA,5.0,NA,0.0,NA,NA,NA,4.0,NA,NA,NA,0.0,NA,NA,NA,NA,0.0,NA,0.0,6.0,NA,5.0,NA,3.0,5.0,NA,0.0,NA,0.0,NA,0.0,NA,NA,NA,NA,12.0,18.0,14.0,NA,3.0,6.0,NA,5.0,19.0,NA,0.0,5.0,NA,3.0,0.0
Carlos Ruiz_SEA,NA,NA,NA,NA,4.0,NA,NA,12.0,NA,4.0,NA,NA,NA,NA,0.0,NA,0.0,NA,NA,2.0,NA,NA,NA,NA,NA,2.0,NA,NA,3.0,NA,NA,NA,NA,0.0,NA,0.0,NA,NA,15.0,NA,0.0,NA,5.0,NA,2.0,NA,6.0,NA,7.0,NA,NA,NA,NA
Wilmer Flores_NYM,NA,NA,NA,NA,16.0,5.0,0.0,NA,NA,NA,NA,19.0,0.0,3.0,3.0,NA,NA,NA,NA,NA,NA,NA,NA,NA,NA,NA,NA,NA,NA,NA,NA,NA,NA,12.0,NA,0.0,8.0,6.0,15.0,NA,NA,NA,NA,NA,5.0,9.0,NA,0.0,NA,8.0,NA,10.0,18.0
Matt Harvey_NYM,NA,NA,NA,NA,21.2,NA,NA,NA,NA,21.15,NA,NA,NA,NA,16.1,NA,NA,NA,NA,9.55,NA,NA,NA,NA,NA,-5.65,NA,NA,NA,NA,-3.2,NA,NA,NA,NA,NA,NA,NA,NA,NA,6.65,NA,NA,NA,NA,10.0,NA,NA,NA,NA,NA,19.05,NA
Tom Koehler_MIA,NA,NA,NA,NA,14.25,NA,NA,NA,NA,NA,5.3,NA,NA,NA,NA,3.6,NA,NA,NA,NA,NA,20.7,NA,NA,NA,NA,NA,NA,4.8,NA,NA,NA,NA,7.05,NA,NA,NA,NA,8.6,NA,NA,NA,NA,NA,-9.85,NA,NA,NA,NA,NA,NA,NA,NA
Gio Gonzalez_WSH,NA,NA,NA,NA,22.7,NA,NA,NA,NA,25.55,NA,NA,NA,NA,11.7,NA,NA,NA,NA,NA,25.25,NA,NA,NA,NA,19.0,NA,NA,NA,NA,NA,19.25,NA,NA,NA,NA,-1.1,NA,NA,NA,NA,NA,18.8,NA,NA,NA,NA,7.55,NA,NA,NA,NA,NA
Robbie Ray_ARI,NA,NA,NA,NA,15.15,NA,NA,NA,NA,29.6,NA,NA,NA,NA,NA,27.3,NA,NA,NA,NA,11.4,NA,NA,NA,NA,NA,22.2,NA,NA,NA,NA,26.5,NA,NA,NA,NA,NA,11.25,NA,NA,NA,NA,-1.0,NA,NA,NA,NA,NA,30.25,NA,NA,NA,NA
Marcus Stroman_TOR,NA,NA,NA,NA,21.45,NA,NA,NA,NA,NA,21.95,NA,NA,NA,NA,NA,-0.7,NA,NA,NA,NA,29.35,NA,NA,NA,NA,28.3,NA,NA,NA,NA,-4.65,NA,NA,NA,NA,14.7,NA,NA,NA,NA,21.5,NA,NA,NA,NA,23.95,NA,NA,NA,NA,NA,13.95
Tyler Skaggs_LAA,NA,NA,NA,NA,7.2,NA,NA,NA,NA,4.65,NA,NA,NA,NA,30.15,NA,NA,NA,NA,NA,18.35,NA,NA,NA,NA,NA,18.85,NA,NA,NA,NA,NA,NA,NA,NA,NA,NA,NA,NA,NA,NA,NA,NA,NA,NA,NA,NA,NA,NA,NA,NA,NA,NA
Jaime Garcia_ATL,NA,NA,NA,NA,0.7,NA,NA,NA,NA,NA,7.85,NA,NA,NA,NA,13.45,NA,NA,NA,NA,17.9,NA,NA,NA,NA,NA,NA,14.1,NA,NA,NA,NA,NA,NA,NA,NA,NA,NA,6.9,NA,NA,NA,NA,NA,7.8,NA,NA,NA,NA,27.8,NA,NA,NA
Tyler Collins_DET,NA,NA,NA,NA,14.0,8.0,NA,3.0,NA,NA,10.0,7.0,5.0,6.0,5.0,NA,0.0,0.0,0.0,NA,NA,0.0,NA,23.0,NA,17.0,5.0,NA,5.0,25.0,0.0,4.0,NA,4.0,0.0,NA,NA,NA,0.0,0.0,NA,2.0,NA,NA,NA,37.0,4.0,2.0,0.0,0.0,2.0,NA,10.0
Austin Barnes_LAD,NA,NA,NA,NA,8.0,NA,NA,18.0,NA,NA,NA,NA,NA,14.0,NA,NA,0.0,NA,NA,NA,16.0,NA,NA,NA,NA,0.0,NA,NA,NA,NA,6.0,NA,NA,NA,8.0,NA,NA,NA,NA,11.0,NA,16.0,NA,NA,0.0,NA,NA,6.0,NA,NA,NA,NA,NA
Dustin Garneau_COL,NA,NA,NA,NA,10.0,14.0,0.0,NA,NA,NA,0.0,0.0,NA,9.0,NA,NA,2.0,0.0,NA,NA,7.0,NA,NA,NA,NA,7.0,5.0,NA,8.0,NA,NA,16.0,NA,7.0,NA,0.0,NA,6.0,NA,NA,0.0,NA,2.0,NA,NA,NA,NA,NA,NA,NA,NA,NA,NA
Blake Snell_TB,NA,NA,NA,NA,12.2,NA,NA,NA,NA,NA,9.5,NA,NA,NA,NA,13.85,NA,NA,NA,NA,8.45,NA,NA,NA,NA,NA,7.85,NA,NA,NA,NA,19.85,NA,NA,NA,NA,0.65,NA,NA,NA,NA,5.35,NA,NA,NA,NA,NA,NA,NA,NA,NA,NA,NA
Matt Davidson_CWS,NA,NA,NA,NA,32.0,NA,3.0,NA,NA,NA,7.0,18.0,17.0,NA,8.0,5.0,0.0,NA,NA,NA,NA,NA,30.0,2.0,0.0,NA,4.0,NA,NA,0.0,NA,NA,21.0,0.0,NA,NA,NA,0.0,NA,18.0,2.0,0.0,3.0,0.0,NA,5.0,16.0,3.0,23.0,10.0,NA,NA,NA
Andrew Triggs_OAK,NA,NA,NA,NA,14.55,NA,NA,NA,NA,NA,20.5,NA,NA,NA,NA,NA,25.7,NA,NA,NA,NA,1.7,NA,NA,NA,NA,NA,33.55,NA,NA,NA,NA,NA,10.6,NA,NA,NA,NA,19.9,NA,NA,NA,NA,NA,15.3,NA,NA,NA,NA,9.4,NA,NA,NA
Joe Musgrove_HOU,NA,NA,NA,NA,6.45,NA,NA,NA,NA,8.6,NA,NA,NA,NA,NA,NA,5.85,NA,NA,NA,NA,9.9,NA,NA,NA,NA,NA,20.65,NA,NA,NA,NA,6.2,NA,NA,NA,NA,NA,17.3,NA,NA,NA,NA,19.35,NA,NA,NA,NA,NA,-5.85,NA,NA,NA
Rookie Davis_CIN,NA,NA,NA,NA,2.55,NA,NA,NA,NA,9.4,NA,NA,NA,NA,NA,NA,NA,NA,NA,NA,NA,NA,NA,NA,-11.2,NA,NA,NA,NA,NA,NA,14.45,NA,NA,NA,NA,3.75,NA,NA,NA,NA,NA,NA,NA,NA,NA,NA,NA,NA,NA,NA,NA,NA
Antonio Senzatela_COL,NA,NA,NA,NA,19.65,NA,NA,NA,NA,22.15,NA,NA,NA,NA,15.55,NA,NA,NA,NA,NA,20.75,NA,NA,NA,NA,0.9,NA,NA,NA,NA,NA,13.3,NA,NA,NA,NA,NA,NA,NA,NA,NA,NA,11.25,NA,NA,NA,NA,NA,7.25,NA,NA,NA,NA
Ariel Miranda_SEA,NA,NA,NA,NA,10.45,NA,NA,NA,NA,9.35,NA,NA,NA,NA,NA,27.35,NA,NA,NA,NA,0.55,NA,NA,NA,NA,NA,25.6,NA,NA,NA,NA,NA,20.95,NA,NA,NA,NA,-11.9,NA,NA,NA,NA,21.65,NA,NA,NA,NA,28.15,NA,NA,NA,NA,NA
Jacob May_CWS,NA,NA,NA,NA,6.0,NA,2.0,0.0,NA,0.0,NA,NA,NA,0.0,0.0,0.0,NA,NA,NA,2.0,NA,4.0,NA,NA,NA,NA,NA,NA,NA,5.0,NA,NA,NA,NA,NA,NA,NA,NA,NA,NA,NA,NA,NA,NA,NA,NA,NA,NA,NA,NA,NA,NA,NA
Stuart Turner_CIN,NA,NA,NA,NA,2.0,NA,NA,5.0,NA,NA,NA,NA,3.0,NA,NA,NA,NA,NA,0.0,NA,NA,NA,16.0,NA,NA,NA,NA,NA,NA,NA,NA,NA,NA,NA,NA,NA,NA,NA,NA,NA,NA,NA,NA,NA,NA,NA,NA,NA,NA,NA,NA,NA,NA
Andrew Knapp_PHI,NA,NA,NA,NA,4.0,NA,NA,9.0,NA,NA,NA,NA,NA,0.0,NA,NA,NA,NA,7.0,NA,NA,0.0,NA,NA,NA,5.0,NA,22.0,NA,NA,NA,3.0,NA,NA,NA,2.0,NA,NA,7.0,NA,NA,NA,5.0,NA,NA,NA,5.0,NA,NA,0.0,NA,16.0,7.0
Brock Stassi_PHI,NA,NA,NA,NA,2.0,NA,NA,NA,14.0,NA,NA,NA,NA,NA,0.0,NA,NA,NA,NA,NA,NA,3.0,NA,NA,NA,10.0,NA,18.0,NA,NA,NA,5.0,NA,NA,4.0,NA,NA,NA,NA,NA,NA,NA,8.0,NA,0.0,NA,NA,NA,NA,2.0,NA,NA,NA
Wei-Yin Chen_MIA,NA,NA,NA,NA,NA,20.7,NA,NA,NA,NA,NA,-3.45,NA,NA,NA,NA,21.95,NA,NA,NA,NA,NA,NA,NA,3.85,NA,NA,NA,NA,19.9,NA,NA,NA,NA,NA,NA,NA,NA,NA,NA,NA,NA,NA,NA,NA,NA,NA,NA,NA,NA,NA,NA,NA
Ubaldo Jimenez_BAL,NA,NA,NA,NA,NA,4.95,NA,NA,NA,NA,-4.25,NA,NA,NA,NA,NA,NA,23.65,NA,NA,NA,NA,2.7,NA,NA,NA,NA,-1.3,NA,NA,NA,NA,NA,NA,NA,NA,NA,17.05,NA,NA,NA,NA,NA,NA,NA,4.05,NA,NA,NA,NA,-3.6,NA,NA
Brock Holt_BOS,NA,NA,NA,NA,NA,5.0,2.0,NA,2.0,NA,NA,0.0,NA,NA,NA,NA,NA,NA,5.0,NA,NA,NA,NA,NA,NA,NA,NA,NA,NA,NA,NA,NA,NA,NA,NA,NA,NA,NA,NA,NA,NA,NA,NA,NA,NA,NA,NA,NA,NA,NA,NA,NA,NA
Steven Wright_BOS,NA,NA,NA,NA,NA,9.0,NA,NA,NA,NA,-16.4,NA,NA,NA,NA,17.5,NA,NA,NA,NA,-5.15,NA,NA,NA,NA,NA,NA,7.45,NA,NA,NA,NA,NA,NA,NA,NA,NA,NA,NA,NA,NA,NA,NA,NA,NA,NA,NA,NA,NA,NA,NA,NA,NA
Ivan Nova_PIT,NA,NA,NA,NA,NA,21.3,NA,NA,NA,NA,4.7,NA,NA,NA,NA,17.0,NA,NA,NA,NA,NA,28.75,NA,NA,NA,NA,NA,41.45,NA,NA,NA,NA,9.5,NA,NA,NA,NA,8.85,NA,NA,NA,NA,8.9,NA,NA,NA,NA,NA,15.1,NA,NA,NA,NA
Jason Vargas_KC,NA,NA,NA,NA,NA,23.3,NA,NA,NA,NA,NA,34.25,NA,NA,NA,NA,NA,35.35,NA,NA,NA,NA,11.05,NA,NA,NA,NA,NA,NA,12.7,NA,NA,NA,NA,21.3,NA,NA,NA,NA,25.35,NA,NA,NA,NA,NA,-0.4,NA,NA,NA,NA,15.3,NA,NA
Phil Hughes_MIN,NA,NA,NA,NA,NA,18.5,NA,NA,NA,NA,NA,13.95,NA,NA,NA,NA,0.7,NA,NA,NA,NA,NA,12.7,NA,NA,NA,NA,NA,10.75,NA,NA,NA,NA,16.8,NA,NA,NA,NA,NA,1.7,NA,NA,NA,NA,1.85,NA,NA,NA,NA,2.2,NA,NA,NA
Jesse Chavez_LAA,NA,NA,NA,NA,NA,23.75,NA,NA,NA,NA,1.55,NA,NA,NA,NA,16.35,NA,NA,NA,NA,NA,NA,24.7,NA,NA,NA,NA,5.5,NA,NA,NA,NA,NA,12.65,NA,NA,NA,NA,15.15,NA,NA,NA,NA,20.15,NA,NA,NA,NA,NA,10.55,NA,NA,NA
Yovani Gallardo_SEA,NA,NA,NA,NA,NA,7.85,NA,NA,NA,NA,0.65,NA,NA,NA,NA,NA,6.1,NA,NA,NA,NA,27.25,NA,NA,NA,NA,NA,14.1,NA,NA,NA,NA,NA,13.9,NA,NA,NA,NA,3.05,NA,NA,NA,NA,18.05,NA,NA,NA,NA,-8.35,NA,NA,NA,NA
Derek Holland_CWS,NA,NA,NA,NA,NA,15.9,NA,NA,NA,NA,22.5,NA,NA,NA,NA,-0.1,NA,NA,NA,NA,NA,23.3,NA,NA,NA,NA,NA,14.05,NA,NA,NA,NA,28.0,NA,NA,NA,NA,NA,NA,5.25,NA,NA,NA,NA,12.1,NA,NA,NA,NA,27.2,NA,NA,NA
Mike Leake_STL,NA,NA,NA,NA,NA,23.8,NA,NA,NA,NA,31.35,NA,NA,NA,NA,NA,14.05,NA,NA,NA,NA,21.9,NA,NA,NA,NA,NA,NA,16.1,NA,NA,NA,NA,NA,14.75,NA,NA,NA,NA,NA,14.7,NA,NA,NA,NA,17.55,NA,NA,NA,NA,NA,NA,27.6
Francisco Liriano_TOR,NA,NA,NA,NA,NA,-11.45,NA,NA,NA,NA,NA,26.8,NA,NA,NA,NA,NA,25.0,NA,NA,NA,NA,6.6,NA,NA,NA,NA,20.45,NA,NA,NA,NA,NA,5.65,NA,NA,NA,NA,-14.3,NA,NA,NA,NA,NA,NA,NA,NA,NA,NA,NA,NA,NA,NA
Scooter Gennett_CIN,NA,NA,NA,NA,NA,2.0,0.0,NA,16.0,28.0,NA,NA,NA,14.0,NA,NA,3.0,NA,NA,NA,10.0,5.0,NA,NA,NA,NA,12.0,NA,NA,0.0,NA,NA,NA,NA,NA,5.0,NA,NA,NA,NA,17.0,NA,7.0,NA,NA,NA,NA,NA,NA,NA,NA,9.0,6.0
Mike Fiers_HOU,NA,NA,NA,NA,NA,12.7,NA,NA,NA,NA,4.8,NA,NA,NA,NA,NA,NA,NA,NA,10.45,NA,NA,NA,NA,NA,6.95,NA,NA,NA,NA,16.7,NA,NA,NA,NA,6.45,NA,NA,NA,NA,NA,NA,15.15,NA,NA,NA,NA,NA,13.3,NA,NA,NA,NA
Jimmy Nelson_MIL,NA,NA,NA,NA,NA,23.3,NA,NA,NA,NA,NA,24.75,NA,NA,NA,NA,-2.0,NA,NA,NA,NA,9.4,NA,NA,NA,NA,NA,-1.95,NA,NA,NA,NA,NA,10.75,NA,NA,NA,NA,NA,26.2,NA,NA,NA,NA,24.7,NA,NA,NA,NA,NA,NA,3.85,NA
Scott Van Slyke_LAD,NA,NA,NA,NA,NA,9.0,NA,NA,NA,NA,NA,0.0,NA,NA,NA,2.0,NA,14.0,NA,NA,5.0,NA,NA,NA,NA,0.0,NA,NA,NA,NA,NA,NA,NA,NA,NA,NA,NA,NA,NA,NA,NA,NA,NA,NA,0.0,NA,NA,NA,NA,NA,NA,NA,NA
Hyun-Jin Ryu_LAD,NA,NA,NA,NA,NA,12.3,NA,NA,NA,NA,NA,7.1,NA,NA,NA,NA,14.1,NA,NA,NA,NA,NA,13.9,NA,NA,NA,NA,NA,28.4,NA,NA,NA,NA,NA,NA,NA,NA,NA,NA,-1.4,NA,NA,NA,NA,NA,NA,12.6,NA,NA,NA,NA,NA,NA
Brett Anderson_CHC,NA,NA,NA,NA,NA,15.15,NA,NA,NA,NA,NA,15.05,NA,NA,NA,NA,1.45,NA,NA,NA,NA,NA,14.9,NA,NA,NA,NA,NA,NA,-13.8,NA,NA,NA,NA,-10.85,NA,NA,NA,NA,NA,NA,NA,NA,NA,NA,NA,NA,NA,NA,NA,NA,NA,NA
A.J. Ellis_MIA,NA,NA,NA,NA,NA,2.0,NA,NA,NA,NA,NA,9.0,NA,0.0,NA,NA,3.0,NA,NA,NA,NA,NA,NA,NA,NA,NA,NA,NA,7.0,NA,NA,NA,NA,NA,NA,3.0,NA,NA,NA,NA,NA,NA,4.0,NA,NA,0.0,NA,NA,NA,5.0,NA,NA,NA
Matt Cain_SF,NA,NA,NA,NA,NA,2.35,NA,NA,NA,NA,20.45,NA,NA,NA,NA,NA,16.15,NA,NA,NA,NA,NA,21.7,NA,NA,NA,NA,19.65,NA,NA,NA,NA,NA,-15.5,NA,NA,NA,NA,9.65,NA,NA,NA,NA,22.2,NA,NA,NA,NA,NA,-7.2,NA,NA,NA
Nick Hundley_SF,NA,NA,NA,NA,NA,3.0,NA,NA,NA,19.0,9.0,NA,5.0,0.0,7.0,NA,7.0,5.0,NA,NA,NA,5.0,NA,0.0,NA,0.0,0.0,NA,NA,NA,9.0,NA,NA,NA,NA,NA,NA,NA,8.0,3.0,NA,0.0,NA,NA,NA,NA,NA,NA,NA,8.0,NA,NA,NA
Cody Asche_CWS,NA,NA,NA,NA,NA,0.0,NA,3.0,NA,0.0,6.0,7.0,NA,0.0,NA,NA,NA,0.0,NA,0.0,0.0,NA,NA,NA,NA,NA,NA,5.0,3.0,NA,NA,0.0,9.0,NA,16.0,0.0,NA,NA,NA,NA,NA,NA,NA,NA,NA,NA,NA,NA,NA,NA,NA,NA,NA
Jarrod Saltalamacchia_TOR,NA,NA,NA,NA,NA,5.0,NA,NA,NA,NA,NA,NA,NA,0.0,NA,NA,NA,NA,0.0,NA,0.0,NA,NA,0.0,NA,2.0,NA,NA,NA,NA,NA,NA,NA,NA,NA,NA,NA,NA,NA,NA,NA,NA,NA,NA,NA,NA,NA,NA,NA,NA,NA,NA,NA
Shelby Miller_ARI,NA,NA,NA,NA,NA,19.2,NA,NA,NA,NA,11.2,NA,NA,NA,NA,NA,24.9,NA,NA,NA,NA,3.6,NA,NA,NA,NA,NA,NA,NA,NA,NA,NA,NA,NA,NA,NA,NA,NA,NA,NA,NA,NA,NA,NA,NA,NA,NA,NA,NA,NA,NA,NA,NA
Michael Foltynewicz_ATL,NA,NA,NA,NA,NA,0.25,NA,NA,NA,NA,NA,NA,NA,NA,NA,NA,12.35,NA,NA,NA,NA,28.15,NA,NA,NA,NA,NA,NA,21.1,NA,NA,NA,NA,-3.6,NA,NA,NA,NA,NA,NA,19.3,NA,NA,NA,NA,8.7,NA,NA,NA,NA,17.25,NA,NA
Max Scherzer_WSH,NA,NA,NA,NA,NA,25.4,NA,NA,NA,NA,27.3,NA,NA,NA,NA,NA,30.75,NA,NA,NA,NA,30.4,NA,NA,NA,NA,11.5,NA,NA,NA,NA,NA,36.75,NA,NA,NA,NA,32.4,NA,NA,NA,NA,17.5,NA,NA,NA,NA,NA,13.05,NA,NA,NA,NA
Matt Andriese_TB,NA,NA,NA,NA,NA,4.2,NA,NA,NA,NA,NA,16.7,NA,NA,NA,NA,22.5,NA,NA,NA,NA,8.45,NA,NA,NA,NA,NA,12.95,NA,NA,NA,NA,30.95,NA,NA,NA,NA,17.8,NA,NA,NA,NA,16.45,NA,NA,NA,NA,NA,10.45,NA,NA,NA,NA
Josh Tomlin_CLE,NA,NA,NA,NA,NA,5.1,NA,NA,NA,NA,NA,-15.65,NA,NA,NA,NA,11.3,NA,NA,NA,NA,NA,NA,14.7,NA,NA,NA,NA,7.85,NA,NA,NA,NA,NA,17.95,NA,NA,NA,NA,NA,25.8,NA,NA,NA,NA,-0.95,NA,NA,NA,NA,8.85,NA,NA
A.J. Griffin_TEX,NA,NA,NA,NA,NA,3.3,NA,NA,NA,NA,16.5,NA,NA,NA,NA,32.3,NA,NA,NA,NA,NA,NA,NA,NA,NA,NA,NA,NA,NA,NA,NA,NA,23.05,NA,NA,NA,NA,34.25,NA,NA,NA,NA,3.25,NA,NA,NA,NA,NA,-10.5,NA,NA,NA,NA
Zack Wheeler_NYM,NA,NA,NA,NA,NA,2.8,NA,NA,NA,NA,15.75,NA,NA,NA,NA,NA,19.65,NA,NA,NA,NA,15.55,NA,NA,NA,NA,NA,11.7,NA,NA,NA,NA,NA,NA,NA,NA,NA,19.9,NA,NA,NA,NA,NA,18.7,NA,NA,NA,NA,15.25,NA,NA,NA,NA
Vincent Velasquez_PHI,NA,NA,NA,NA,NA,16.2,NA,NA,NA,NA,9.25,NA,NA,NA,NA,NA,NA,6.7,NA,NA,NA,NA,NA,NA,13.45,NA,NA,NA,NA,17.65,NA,NA,NA,NA,15.55,NA,NA,NA,NA,NA,NA,NA,13.05,NA,NA,NA,NA,NA,8.6,NA,NA,NA,NA
Leury Garcia_CWS,NA,NA,NA,NA,NA,5.0,NA,NA,NA,NA,2.0,8.0,9.0,0.0,7.0,NA,14.0,0.0,NA,NA,0.0,5.0,13.0,17.0,19.0,NA,3.0,2.0,6.0,3.0,2.0,0.0,6.0,6.0,10.0,5.0,NA,NA,NA,5.0,35.0,5.0,21.0,5.0,10.0,4.0,9.0,NA,NA,2.0,14.0,3.0,17.0
Chris Gimenez_MIN,NA,NA,NA,NA,NA,10.0,NA,NA,NA,4.0,NA,9.0,NA,5.0,NA,NA,NA,NA,NA,NA,0.0,NA,4.0,NA,2.0,NA,NA,NA,NA,NA,NA,NA,3.0,NA,NA,11.0,NA,NA,NA,3.0,NA,NA,0.0,NA,NA,NA,NA,NA,NA,14.0,NA,NA,0.0
Luis Severino_NYY,NA,NA,NA,NA,NA,11.05,NA,NA,NA,NA,NA,34.15,NA,NA,NA,NA,30.2,NA,NA,NA,NA,NA,NA,NA,28.75,NA,NA,NA,NA,2.75,NA,NA,NA,NA,NA,28.75,NA,NA,NA,NA,NA,NA,-2.75,NA,NA,NA,NA,18.45,NA,NA,NA,NA,33.0
Marco Hernandez_BOS,NA,NA,NA,NA,NA,0.0,3.0,13.0,0.0,NA,NA,7.0,NA,NA,NA,2.0,2.0,NA,NA,6.0,5.0,3.0,NA,NA,3.0,0.0,6.0,5.0,5.0,7.0,0.0,0.0,NA,NA,NA,NA,NA,NA,NA,NA,NA,NA,NA,NA,NA,NA,NA,NA,NA,NA,NA,NA,NA
Michael Fulmer_DET,NA,NA,NA,NA,NA,17.3,NA,NA,NA,NA,21.9,NA,NA,NA,NA,NA,12.7,NA,NA,NA,NA,26.75,NA,NA,NA,NA,NA,8.7,NA,NA,NA,NA,NA,32.0,NA,NA,NA,NA,NA,28.15,NA,NA,NA,NA,NA,15.75,NA,NA,NA,NA,16.35,NA,NA
Guillermo Heredia_SEA,NA,NA,NA,NA,NA,0.0,NA,NA,NA,NA,NA,NA,3.0,NA,24.0,NA,0.0,NA,NA,8.0,5.0,2.0,NA,10.0,19.0,3.0,3.0,2.0,11.0,NA,7.0,0.0,15.0,7.0,12.0,2.0,NA,6.0,10.0,NA,3.0,6.0,0.0,6.0,5.0,7.0,NA,0.0,0.0,0.0,NA,NA,6.0
Raul Alcantara_OAK,NA,NA,NA,NA,NA,-13.7,NA,NA,NA,NA,NA,NA,NA,NA,NA,NA,NA,NA,NA,NA,NA,NA,NA,NA,NA,NA,NA,NA,NA,NA,NA,NA,NA,NA,NA,NA,NA,NA,NA,NA,NA,NA,NA,NA,NA,NA,NA,NA,NA,NA,NA,NA,NA
Amir Garrett_CIN,NA,NA,NA,NA,NA,23.1,NA,NA,NA,NA,21.4,NA,NA,NA,NA,NA,NA,30.95,NA,NA,NA,NA,-15.7,NA,NA,NA,NA,NA,NA,16.15,NA,NA,NA,NA,12.1,NA,NA,NA,NA,NA,NA,NA,NA,NA,NA,NA,2.2,NA,NA,NA,NA,-3.55,NA
Luis Perdomo_SD,NA,NA,NA,NA,NA,3.2,NA,NA,NA,NA,NA,NA,NA,NA,NA,NA,NA,NA,NA,NA,NA,11.05,NA,NA,NA,NA,17.3,NA,NA,NA,NA,NA,16.7,NA,NA,NA,NA,NA,15.5,NA,NA,NA,NA,21.9,NA,NA,NA,NA,-13.05,NA,NA,NA,NA
Stephen Cardullo_COL,NA,NA,NA,NA,NA,0.0,0.0,NA,NA,NA,NA,0.0,NA,10.0,NA,NA,3.0,NA,NA,NA,4.0,NA,NA,NA,NA,NA,NA,NA,NA,NA,NA,NA,NA,NA,NA,NA,NA,NA,NA,NA,NA,NA,NA,NA,NA,NA,NA,NA,NA,NA,NA,NA,NA
Kyle Freeland_COL,NA,NA,NA,NA,NA,23.9,NA,NA,NA,NA,-3.5,NA,NA,NA,NA,NA,7.0,NA,NA,NA,NA,21.55,NA,NA,NA,NA,14.7,NA,NA,NA,NA,NA,17.25,NA,NA,NA,NA,14.7,NA,NA,NA,NA,NA,NA,12.1,NA,NA,NA,NA,11.95,NA,NA,NA
Aaron Sanchez_TOR,NA,NA,NA,NA,NA,NA,21.55,NA,NA,NA,NA,NA,3.2,NA,NA,NA,NA,NA,NA,NA,NA,NA,NA,NA,NA,NA,NA,NA,3.65,NA,NA,NA,NA,NA,NA,NA,NA,NA,NA,NA,NA,NA,15.05,NA,NA,NA,NA,10.1,NA,NA,NA,NA,NA
Kyle Hendricks_CHC,NA,NA,NA,NA,NA,NA,17.9,NA,NA,NA,NA,NA,7.05,NA,NA,NA,NA,6.45,NA,NA,NA,NA,NA,19.9,NA,NA,NA,NA,17.9,NA,NA,NA,NA,16.6,NA,NA,NA,NA,20.65,NA,NA,NA,NA,NA,NA,16.7,NA,NA,NA,NA,NA,NA,22.75
Aaron Nola_PHI,NA,NA,NA,NA,NA,NA,20.1,NA,NA,NA,NA,NA,17.65,NA,NA,NA,NA,NA,4.65,NA,NA,NA,NA,NA,NA,NA,NA,NA,NA,NA,NA,NA,NA,NA,NA,NA,NA,NA,NA,NA,NA,NA,NA,NA,NA,NA,NA,NA,NA,20.15,NA,NA,NA
Eduardo Rodriguez_BOS,NA,NA,NA,NA,NA,NA,8.45,NA,NA,NA,NA,19.2,NA,NA,NA,NA,NA,NA,NA,NA,NA,27.9,NA,NA,NA,NA,NA,NA,25.3,NA,NA,NA,NA,14.7,NA,NA,NA,NA,NA,19.7,NA,NA,NA,NA,16.7,NA,NA,NA,NA,27.8,NA,NA,NA
Michael Wacha_STL,NA,NA,NA,NA,NA,NA,25.1,NA,NA,NA,NA,NA,16.9,NA,NA,NA,NA,19.4,NA,NA,NA,NA,NA,17.3,NA,NA,NA,NA,NA,10.7,NA,NA,NA,NA,NA,17.3,NA,NA,NA,NA,NA,NA,NA,NA,NA,NA,NA,19.9,NA,NA,NA,NA,NA
Trevor Bauer_CLE,NA,NA,NA,NA,NA,NA,14.55,NA,NA,NA,NA,NA,5.25,NA,NA,NA,NA,NA,24.65,NA,NA,NA,NA,NA,20.7,NA,NA,NA,NA,-6.2,NA,NA,NA,NA,NA,NA,12.1,NA,NA,NA,NA,NA,21.3,NA,NA,NA,NA,25.15,NA,NA,NA,NA,16.4
Jordan Zimmermann_DET,NA,NA,NA,NA,NA,NA,17.9,NA,NA,NA,NA,1.1,NA,NA,NA,NA,NA,4.9,NA,NA,NA,NA,NA,2.3,NA,NA,NA,NA,13.85,NA,NA,NA,NA,NA,9.15,NA,NA,NA,NA,NA,0.8,NA,NA,NA,NA,NA,16.7,NA,NA,NA,NA,10.7,NA
Robert Gsellman_NYM,NA,NA,NA,NA,NA,NA,14.45,NA,NA,NA,NA,-0.3,NA,NA,NA,NA,NA,18.95,NA,NA,NA,NA,NA,NA,-4.8,NA,NA,NA,NA,0.45,NA,NA,NA,NA,7.85,NA,NA,NA,NA,NA,NA,-2.2,NA,NA,NA,NA,NA,NA,NA,NA,NA,NA,9.3
Adam Conley_MIA,NA,NA,NA,NA,NA,NA,22.85,NA,NA,NA,NA,NA,NA,7.9,NA,NA,NA,NA,NA,16.7,NA,NA,NA,NA,NA,NA,-15.65,NA,NA,NA,NA,17.2,NA,NA,NA,NA,-7.75,NA,NA,NA,NA,NA,NA,NA,NA,NA,NA,NA,NA,NA,NA,NA,NA
Miguel Gonzalez_CWS,NA,NA,NA,NA,NA,NA,20.1,NA,NA,NA,NA,7.3,NA,NA,NA,NA,25.75,NA,NA,NA,NA,NA,30.2,NA,NA,NA,NA,NA,-5.5,NA,NA,NA,NA,16.2,NA,NA,NA,NA,NA,NA,-1.95,NA,NA,NA,NA,0.15,NA,NA,NA,NA,4.45,NA,NA
R.A. Dickey_ATL,NA,NA,NA,NA,NA,NA,7.55,NA,NA,NA,NA,NA,NA,20.1,NA,NA,NA,NA,12.75,NA,NA,NA,NA,NA,NA,13.05,NA,NA,NA,NA,12.1,NA,NA,NA,NA,3.5,NA,NA,NA,NA,NA,NA,6.35,NA,NA,NA,NA,9.4,NA,NA,NA,2.5,NA
Adalberto Mejia_MIN,NA,NA,NA,NA,NA,NA,-3.25,NA,NA,NA,NA,NA,13.05,NA,NA,NA,NA,NA,NA,NA,7.2,NA,NA,NA,NA,NA,NA,NA,NA,NA,NA,NA,NA,NA,NA,NA,NA,NA,NA,NA,NA,NA,NA,NA,NA,NA,NA,NA,NA,15.55,NA,NA,NA
Jeremy Guthrie_WSH,NA,NA,NA,NA,NA,NA,-24.5,NA,NA,NA,NA,NA,NA,NA,NA,NA,NA,NA,NA,NA,NA,NA,NA,NA,NA,NA,NA,NA,NA,NA,NA,NA,NA,NA,NA,NA,NA,NA,NA,NA,NA,NA,NA,NA,NA,NA,NA,NA,NA,NA,NA,NA,NA
Chad Kuhl_PIT,NA,NA,NA,NA,NA,NA,15.25,NA,NA,NA,NA,21.25,NA,NA,NA,NA,12.5,NA,NA,NA,NA,NA,-18.25,NA,NA,NA,NA,NA,8.2,NA,NA,NA,NA,9.55,NA,NA,NA,NA,6.45,NA,NA,NA,NA,NA,-3.6,NA,NA,NA,NA,19.45,NA,NA,NA
Tommy Milone_MIL,NA,NA,NA,NA,NA,NA,-1.0,NA,NA,NA,NA,NA,11.65,NA,NA,NA,NA,17.45,NA,NA,NA,NA,NA,NA,NA,NA,NA,NA,NA,NA,NA,NA,NA,NA,NA,NA,NA,NA,NA,NA,NA,NA,NA,NA,NA,NA,NA,NA,NA,NA,NA,NA,NA
Bronson Arroyo_CIN,NA,NA,NA,NA,NA,NA,-2.4,NA,NA,NA,NA,3.3,NA,NA,NA,NA,13.05,NA,NA,NA,NA,25.7,NA,NA,NA,NA,NA,NA,-0.4,NA,NA,NA,NA,16.4,NA,NA,NA,NA,NA,11.3,NA,NA,NA,NA,-2.75,NA,NA,NA,NA,1.4,NA,NA,NA
Chris Carter_NYY,NA,NA,NA,NA,NA,NA,0.0,7.0,12.0,NA,5.0,NA,NA,5.0,NA,0.0,NA,NA,NA,NA,NA,NA,NA,NA,NA,0.0,NA,NA,8.0,NA,9.0,10.0,NA,2.0,2.0,0.0,NA,2.0,NA,3.0,NA,NA,9.0,NA,24.0,7.0,0.0,2.0,NA,2.0,14.0,16.0,2.0
Aaron Hicks_NYY,NA,NA,NA,NA,NA,NA,11.0,3.0,NA,NA,8.0,32.0,NA,8.0,21.0,2.0,NA,NA,NA,NA,18.0,NA,NA,NA,NA,10.0,NA,NA,3.0,NA,19.0,10.0,NA,16.0,38.0,16.0,14.0,NA,NA,13.0,0.0,NA,5.0,NA,NA,23.0,0.0,NA,2.0,NA,0.0,16.0,NA
Arismendy Alcantara_CIN,NA,NA,NA,NA,NA,NA,0.0,NA,NA,NA,NA,NA,NA,NA,2.0,NA,NA,NA,NA,NA,NA,NA,NA,NA,NA,NA,NA,NA,NA,NA,NA,NA,14.0,NA,NA,NA,NA,NA,NA,NA,NA,0.0,NA,NA,NA,NA,NA,NA,NA,0.0,NA,NA,NA
Jeremy Hazelbaker_ARI,NA,NA,NA,NA,NA,NA,13.0,NA,NA,NA,NA,NA,NA,0.0,NA,NA,NA,NA,NA,NA,NA,0.0,NA,NA,NA,NA,NA,NA,2.0,NA,NA,NA,NA,NA,NA,NA,NA,NA,NA,NA,NA,NA,NA,NA,NA,NA,NA,NA,NA,NA,NA,NA,NA
Patrick Kivlehan_CIN,NA,NA,NA,NA,NA,NA,0.0,NA,NA,NA,NA,NA,8.0,NA,NA,NA,NA,NA,NA,NA,NA,15.0,NA,NA,NA,NA,NA,NA,NA,NA,NA,NA,NA,NA,25.0,NA,NA,NA,NA,NA,NA,0.0,NA,NA,NA,NA,NA,2.0,NA,NA,NA,NA,NA
Jace Peterson_ATL,NA,NA,NA,NA,NA,NA,13.0,7.0,NA,NA,5.0,NA,2.0,NA,0.0,3.0,2.0,0.0,5.0,NA,NA,2.0,NA,NA,NA,8.0,8.0,NA,5.0,NA,NA,9.0,NA,NA,0.0,11.0,NA,NA,NA,NA,NA,11.0,NA,2.0,5.0,4.0,3.0,2.0,5.0,0.0,NA,NA,9.0
John Jaso_PIT,NA,NA,NA,NA,NA,NA,2.0,NA,NA,NA,NA,NA,0.0,NA,NA,NA,NA,8.0,NA,NA,0.0,NA,NA,5.0,NA,NA,NA,18.0,7.0,NA,12.0,0.0,0.0,NA,7.0,0.0,NA,NA,NA,0.0,NA,NA,NA,NA,5.0,8.0,18.0,NA,5.0,5.0,10.0,10.0,0.0
Christian Vazquez_BOS,NA,NA,NA,NA,NA,NA,9.0,NA,NA,32.0,NA,0.0,NA,NA,13.0,NA,3.0,NA,NA,3.0,NA,5.0,NA,NA,NA,NA,8.0,3.0,0.0,NA,NA,0.0,3.0,0.0,NA,NA,NA,NA,12.0,7.0,NA,NA,6.0,NA,2.0,NA,0.0,NA,3.0,22.0,NA,NA,NA
Christian Colon_KC,NA,NA,NA,NA,NA,NA,0.0,NA,NA,NA,NA,NA,NA,NA,2.0,NA,NA,NA,NA,NA,0.0,NA,NA,3.0,NA,NA,NA,NA,NA,5.0,3.0,NA,NA,NA,NA,NA,NA,NA,NA,NA,NA,NA,NA,NA,NA,NA,NA,NA,NA,NA,NA,NA,NA
Luis Sardinas_SD,NA,NA,NA,NA,NA,NA,3.0,NA,NA,NA,NA,NA,NA,NA,NA,10.0,NA,NA,NA,NA,NA,0.0,NA,NA,NA,NA,NA,NA,NA,NA,NA,NA,NA,NA,0.0,NA,NA,NA,NA,6.0,NA,NA,0.0,NA,NA,NA,NA,NA,NA,NA,NA,NA,NA
Drew Butera_KC,NA,NA,NA,NA,NA,NA,0.0,NA,NA,NA,NA,NA,NA,NA,0.0,NA,NA,NA,NA,5.0,8.0,0.0,NA,NA,NA,NA,NA,NA,NA,NA,0.0,NA,NA,NA,NA,NA,19.0,NA,NA,NA,NA,NA,26.0,NA,NA,NA,7.0,NA,NA,2.0,NA,0.0,NA
Allen Cordoba_SD,NA,NA,NA,NA,NA,NA,5.0,NA,NA,NA,NA,NA,NA,5.0,NA,NA,NA,0.0,0.0,NA,NA,3.0,NA,NA,NA,2.0,NA,NA,NA,NA,NA,NA,NA,NA,NA,NA,NA,3.0,NA,NA,11.0,16.0,NA,2.0,NA,16.0,2.0,NA,NA,8.0,NA,NA,6.0
Craig Gentry_BAL,NA,NA,NA,NA,NA,NA,NA,0.0,NA,0.0,NA,0.0,NA,NA,21.0,NA,NA,NA,NA,11.0,3.0,4.0,NA,NA,NA,NA,NA,NA,19.0,NA,NA,NA,NA,NA,NA,NA,NA,NA,NA,NA,0.0,NA,NA,NA,NA,NA,NA,NA,NA,NA,NA,NA,NA
Michael Conforto_NYM,NA,NA,NA,NA,NA,NA,NA,18.0,NA,NA,23.0,NA,5.0,NA,NA,NA,4.0,NA,6.0,19.0,2.0,22.0,NA,NA,0.0,2.0,7.0,38.0,5.0,23.0,12.0,19.0,NA,7.0,12.0,0.0,11.0,21.0,NA,NA,0.0,8.0,39.0,0.0,0.0,16.0,NA,21.0,17.0,7.0,NA,37.0,14.0
Adam Lind_WSH,NA,NA,NA,NA,NA,NA,NA,10.0,NA,NA,NA,NA,NA,NA,2.0,NA,NA,NA,NA,0.0,NA,NA,NA,NA,NA,14.0,NA,NA,NA,NA,NA,NA,NA,NA,NA,4.0,3.0,NA,NA,NA,NA,NA,NA,NA,NA,NA,11.0,NA,NA,NA,NA,NA,NA
Austin Romine_NYY,NA,NA,NA,NA,NA,NA,NA,9.0,0.0,NA,NA,8.0,17.0,NA,16.0,2.0,3.0,5.0,NA,3.0,8.0,NA,NA,NA,0.0,0.0,5.0,25.0,NA,3.0,3.0,NA,NA,NA,NA,0.0,NA,NA,NA,NA,NA,NA,NA,NA,NA,NA,NA,0.0,NA,NA,NA,0.0,NA
Taylor Motter_SEA,NA,NA,NA,NA,NA,NA,NA,4.0,NA,17.0,21.0,NA,3.0,20.0,2.0,17.0,0.0,2.0,23.0,5.0,2.0,25.0,NA,10.0,8.0,2.0,0.0,NA,NA,NA,NA,NA,NA,NA,14.0,2.0,NA,NA,NA,2.0,6.0,8.0,2.0,8.0,5.0,0.0,3.0,0.0,6.0,2.0,NA,0.0,NA
Alex Avila_DET,NA,NA,NA,NA,NA,NA,NA,7.0,NA,NA,NA,NA,21.0,NA,23.0,NA,0.0,NA,0.0,NA,NA,16.0,NA,26.0,NA,2.0,4.0,NA,11.0,9.0,10.0,0.0,NA,NA,4.0,NA,NA,NA,NA,NA,2.0,NA,NA,NA,NA,9.0,12.0,2.0,30.0,7.0,0.0,NA,6.0
Steve Selsky_BOS,NA,NA,NA,NA,NA,NA,NA,5.0,NA,NA,NA,NA,NA,NA,NA,NA,NA,NA,NA,NA,NA,NA,NA,NA,NA,NA,NA,NA,NA,NA,NA,NA,NA,NA,NA,NA,NA,NA,NA,NA,NA,NA,NA,NA,NA,NA,NA,NA,NA,NA,NA,NA,NA
Caleb Joseph_BAL,NA,NA,NA,NA,NA,NA,NA,0.0,NA,NA,NA,NA,0.0,NA,NA,NA,NA,NA,0.0,NA,10.0,NA,NA,0.0,NA,NA,NA,19.0,NA,7.0,0.0,3.0,3.0,0.0,3.0,NA,14.0,3.0,7.0,NA,24.0,NA,23.0,NA,NA,NA,0.0,NA,NA,0.0,NA,NA,0.0
Philip Gosselin_PIT,NA,NA,NA,NA,NA,NA,NA,0.0,NA,NA,NA,0.0,NA,NA,0.0,NA,NA,NA,NA,NA,NA,3.0,NA,NA,9.0,NA,NA,NA,NA,2.0,NA,NA,NA,NA,NA,0.0,NA,NA,NA,NA,NA,NA,NA,NA,NA,NA,NA,NA,NA,NA,NA,NA,NA
Alexi Amarista_COL,NA,NA,NA,NA,NA,NA,NA,0.0,NA,NA,0.0,NA,NA,NA,NA,NA,NA,NA,NA,NA,NA,NA,NA,NA,NA,NA,NA,NA,NA,NA,NA,5.0,7.0,NA,NA,NA,NA,3.0,NA,NA,NA,NA,NA,NA,NA,NA,NA,26.0,16.0,NA,13.0,10.0,NA
Carlos Sanchez_CWS,NA,NA,NA,NA,NA,NA,NA,3.0,NA,NA,NA,7.0,NA,0.0,8.0,26.0,0.0,5.0,NA,0.0,NA,NA,NA,10.0,NA,NA,2.0,NA,NA,NA,NA,NA,NA,NA,NA,NA,NA,NA,NA,NA,NA,NA,NA,NA,NA,NA,NA,NA,NA,NA,NA,NA,NA
Jose Lobaton_WSH,NA,NA,NA,NA,NA,NA,NA,0.0,NA,NA,NA,NA,NA,4.0,NA,NA,NA,NA,NA,14.0,NA,NA,3.0,NA,2.0,NA,NA,0.0,NA,NA,0.0,NA,0.0,NA,NA,7.0,NA,NA,NA,NA,NA,NA,7.0,NA,NA,3.0,NA,NA,NA,3.0,NA,NA,NA
Andrew Romine_DET,NA,NA,NA,NA,NA,NA,NA,12.0,12.0,NA,23.0,0.0,NA,0.0,0.0,NA,NA,7.0,0.0,0.0,NA,6.0,NA,15.0,0.0,NA,NA,3.0,NA,NA,9.0,NA,NA,13.0,18.0,7.0,NA,8.0,0.0,18.0,0.0,NA,2.0,NA,NA,NA,0.0,5.0,NA,7.0,NA,NA,2.0
Chris Stewart_PIT,NA,NA,NA,NA,NA,NA,NA,3.0,NA,NA,NA,5.0,NA,NA,NA,NA,NA,0.0,NA,NA,NA,11.0,NA,NA,NA,NA,NA,NA,5.0,2.0,NA,NA,NA,NA,NA,3.0,NA,NA,NA,NA,2.0,NA,NA,NA,NA,NA,10.0,NA,NA,0.0,NA,NA,4.0
Nate Karns_KC,NA,NA,NA,NA,NA,NA,NA,11.35,NA,NA,NA,NA,NA,14.5,NA,NA,NA,NA,NA,5.7,NA,NA,NA,NA,11.3,NA,NA,NA,NA,NA,NA,30.3,NA,NA,NA,NA,28.85,NA,NA,NA,NA,27.65,NA,NA,NA,NA,NA,12.25,NA,NA,NA,NA,NA
Daniel Norris_DET,NA,NA,NA,NA,NA,NA,NA,6.25,NA,NA,NA,NA,23.9,NA,NA,NA,NA,NA,4.5,NA,NA,NA,NA,NA,2.4,NA,NA,NA,NA,26.1,NA,NA,NA,NA,NA,4.5,NA,NA,NA,NA,NA,10.75,NA,NA,NA,NA,NA,12.75,NA,NA,NA,NA,18.65
Wade Miley_BAL,NA,NA,NA,NA,NA,NA,NA,16.45,NA,NA,NA,NA,23.9,NA,NA,NA,NA,NA,36.2,NA,NA,NA,NA,21.75,NA,NA,NA,NA,11.45,NA,NA,NA,NA,-0.3,NA,NA,NA,NA,11.85,NA,NA,NA,NA,NA,2.05,NA,NA,NA,NA,17.55,NA,NA,NA
Alex Wood_LAD,NA,NA,NA,NA,NA,NA,NA,NA,10.05,NA,NA,NA,NA,NA,NA,NA,NA,NA,NA,10.3,NA,NA,NA,NA,22.3,NA,NA,NA,NA,NA,18.45,NA,NA,NA,NA,NA,35.45,NA,NA,NA,NA,33.9,NA,NA,NA,NA,NA,23.1,NA,NA,NA,NA,NA
Tyler Glasnow_PIT,NA,NA,NA,NA,NA,NA,NA,NA,-9.65,NA,NA,NA,NA,11.85,NA,NA,NA,NA,NA,13.1,NA,NA,NA,NA,2.9,NA,NA,NA,NA,NA,16.7,NA,NA,NA,NA,15.45,NA,NA,NA,NA,-8.15,NA,NA,NA,NA,NA,19.65,NA,NA,NA,NA,11.5,NA
Jarred Cosart_SD,NA,NA,NA,NA,NA,NA,NA,NA,9.4,NA,NA,NA,NA,NA,NA,NA,7.85,NA,NA,NA,NA,NA,NA,NA,NA,NA,NA,NA,NA,NA,NA,NA,NA,NA,NA,NA,NA,NA,NA,NA,NA,NA,NA,NA,NA,NA,11.05,NA,NA,NA,NA,NA,-4.8
Luis Torrens_SD,NA,NA,NA,NA,NA,NA,NA,NA,2.0,NA,NA,NA,NA,NA,NA,NA,NA,NA,NA,NA,NA,0.0,NA,NA,NA,0.0,NA,NA,NA,NA,NA,NA,NA,NA,NA,NA,NA,NA,3.0,NA,NA,NA,0.0,NA,NA,NA,2.0,NA,NA,NA,NA,NA,12.0
Drew Pomeranz_BOS,NA,NA,NA,NA,NA,NA,NA,NA,NA,24.5,NA,NA,NA,NA,15.55,NA,NA,NA,NA,11.8,NA,NA,NA,NA,NA,NA,22.7,NA,NA,NA,NA,21.8,NA,NA,NA,NA,NA,-4.4,NA,NA,NA,NA,5.15,NA,NA,NA,NA,NA,14.8,NA,NA,NA,NA
J.T. Riddle_MIA,NA,NA,NA,NA,NA,NA,NA,NA,NA,0.0,3.0,NA,NA,NA,NA,NA,2.0,NA,NA,NA,NA,NA,NA,NA,NA,NA,NA,NA,NA,NA,NA,NA,NA,NA,NA,NA,NA,NA,NA,NA,NA,0.0,0.0,13.0,0.0,7.0,3.0,7.0,30.0,0.0,NA,12.0,0.0
Dixon Machado_DET,NA,NA,NA,NA,NA,NA,NA,NA,NA,0.0,NA,NA,NA,NA,NA,NA,NA,NA,3.0,NA,5.0,NA,NA,NA,0.0,NA,NA,NA,NA,NA,NA,NA,NA,NA,NA,10.0,NA,5.0,NA,NA,NA,NA,5.0,NA,NA,NA,NA,NA,NA,NA,0.0,NA,NA
Cristhian Adames_COL,NA,NA,NA,NA,NA,NA,NA,NA,NA,0.0,NA,NA,NA,NA,NA,NA,NA,NA,NA,NA,NA,NA,NA,NA,NA,NA,NA,NA,NA,NA,NA,NA,NA,NA,NA,NA,NA,NA,NA,NA,NA,NA,NA,NA,NA,NA,NA,NA,NA,NA,NA,NA,NA
Jose Martinez_STL,NA,NA,NA,NA,NA,NA,NA,NA,NA,6.0,NA,NA,NA,3.0,NA,5.0,5.0,5.0,NA,5.0,8.0,NA,NA,NA,NA,NA,NA,NA,NA,NA,NA,NA,NA,14.0,0.0,NA,NA,NA,NA,NA,NA,NA,NA,NA,NA,NA,NA,NA,NA,NA,NA,NA,NA
Wilmer Difo_WSH,NA,NA,NA,NA,NA,NA,NA,NA,NA,3.0,5.0,NA,3.0,0.0,3.0,NA,7.0,14.0,2.0,6.0,NA,NA,NA,NA,NA,14.0,NA,NA,NA,NA,NA,NA,NA,NA,NA,NA,0.0,NA,NA,NA,NA,NA,NA,NA,16.0,NA,NA,NA,NA,10.0,NA,NA,NA
Ryan Goins_TOR,NA,NA,NA,NA,NA,NA,NA,NA,NA,2.0,NA,NA,NA,0.0,10.0,NA,NA,NA,0.0,4.0,7.0,16.0,3.0,10.0,NA,0.0,0.0,2.0,0.0,20.0,2.0,5.0,NA,2.0,3.0,2.0,18.0,0.0,15.0,0.0,8.0,13.0,0.0,0.0,0.0,0.0,0.0,4.0,3.0,NA,NA,10.0,25.0
Emilio Bonifacio_ATL,NA,NA,NA,NA,NA,NA,NA,NA,NA,5.0,NA,NA,NA,NA,NA,NA,NA,NA,NA,NA,NA,NA,NA,NA,NA,NA,NA,NA,NA,NA,NA,NA,NA,NA,NA,NA,NA,NA,3.0,NA,NA,NA,NA,NA,NA,NA,NA,NA,NA,NA,NA,NA,NA
Matt Boyd_DET,NA,NA,NA,NA,NA,NA,NA,NA,NA,27.7,NA,NA,NA,NA,16.1,NA,NA,NA,NA,NA,6.95,NA,NA,NA,NA,NA,14.35,NA,NA,NA,NA,15.05,NA,NA,NA,NA,NA,NA,14.1,NA,NA,NA,NA,NA,-12.75,NA,NA,NA,NA,2.8,NA,NA,NA
Jordan Montgomery_NYY,NA,NA,NA,NA,NA,NA,NA,NA,NA,NA,15.7,NA,NA,NA,NA,14.1,NA,NA,NA,NA,NA,14.1,NA,NA,NA,NA,NA,NA,15.05,NA,NA,NA,NA,NA,16.8,NA,NA,NA,NA,NA,14.1,NA,NA,NA,NA,NA,5.05,NA,NA,NA,NA,23.8,NA
Jabari Blash_SD,NA,NA,NA,NA,NA,NA,NA,NA,NA,NA,2.0,NA,NA,NA,NA,NA,NA,NA,NA,NA,NA,NA,4.0,18.0,4.0,NA,2.0,NA,0.0,NA,NA,NA,3.0,NA,5.0,NA,NA,NA,NA,NA,NA,NA,NA,NA,NA,NA,NA,NA,NA,NA,NA,NA,NA
Pete Kozma_NYY,NA,NA,NA,NA,NA,NA,NA,NA,NA,NA,2.0,NA,NA,NA,NA,5.0,0.0,NA,NA,NA,NA,NA,NA,NA,NA,NA,NA,NA,NA,NA,NA,NA,NA,NA,NA,NA,NA,NA,NA,NA,NA,NA,NA,NA,NA,NA,NA,NA,NA,NA,NA,NA,NA
Zach Lee_SD,NA,NA,NA,NA,NA,NA,NA,NA,NA,NA,18.4,NA,NA,NA,NA,NA,NA,NA,NA,NA,NA,NA,NA,NA,NA,NA,NA,NA,NA,NA,NA,NA,NA,NA,NA,NA,NA,NA,NA,NA,NA,NA,NA,NA,NA,NA,NA,NA,NA,NA,NA,NA,NA
Greg Garcia_STL,NA,NA,NA,NA,NA,NA,NA,NA,NA,NA,12.0,NA,NA,NA,8.0,0.0,7.0,0.0,NA,NA,10.0,0.0,NA,NA,NA,18.0,NA,NA,NA,NA,NA,NA,NA,NA,3.0,NA,NA,NA,NA,NA,NA,4.0,NA,NA,NA,NA,NA,NA,NA,7.0,NA,NA,NA
Eric Fryer_STL,NA,NA,NA,NA,NA,NA,NA,NA,NA,NA,2.0,NA,NA,NA,NA,0.0,NA,NA,NA,NA,NA,7.0,NA,NA,NA,0.0,NA,NA,NA,NA,NA,NA,NA,NA,0.0,NA,NA,NA,NA,NA,NA,NA,NA,NA,NA,NA,NA,NA,NA,NA,NA,NA,NA
Tyler Moore_MIA,NA,NA,NA,NA,NA,NA,NA,NA,NA,NA,3.0,NA,NA,NA,NA,NA,NA,NA,NA,NA,NA,NA,NA,NA,NA,NA,NA,NA,NA,NA,NA,NA,NA,NA,NA,NA,NA,NA,NA,NA,NA,NA,NA,NA,0.0,NA,NA,NA,NA,NA,NA,NA,0.0
Kyle Higashioka_NYY,NA,NA,NA,NA,NA,NA,NA,NA,NA,NA,2.0,NA,NA,0.0,NA,NA,NA,NA,NA,NA,NA,0.0,NA,NA,NA,NA,NA,NA,0.0,NA,NA,2.0,NA,NA,NA,NA,NA,NA,NA,NA,NA,NA,NA,NA,NA,NA,NA,NA,NA,NA,NA,NA,NA
Conor Gillaspie_SF,NA,NA,NA,NA,NA,NA,NA,NA,NA,NA,5.0,5.0,NA,0.0,NA,NA,NA,NA,NA,NA,NA,NA,NA,NA,NA,NA,5.0,14.0,NA,NA,NA,NA,NA,NA,NA,0.0,2.0,0.0,NA,NA,NA,NA,NA,NA,NA,NA,NA,NA,NA,NA,NA,NA,NA
Jesse Hahn_OAK,NA,NA,NA,NA,NA,NA,NA,NA,NA,NA,NA,16.7,NA,NA,NA,NA,NA,19.9,NA,NA,NA,NA,NA,28.2,NA,NA,NA,NA,16.1,NA,NA,NA,NA,NA,4.25,NA,NA,NA,NA,NA,15.55,NA,NA,NA,NA,13.05,NA,NA,NA,NA,NA,-5.7,NA
Lonnie Chisenhall_CLE,NA,NA,NA,NA,NA,NA,NA,NA,NA,NA,NA,7.0,NA,26.0,NA,3.0,5.0,NA,11.0,NA,10.0,NA,NA,NA,3.0,2.0,NA,7.0,7.0,NA,10.0,NA,NA,0.0,NA,NA,3.0,14.0,NA,NA,0.0,2.0,25.0,22.0,0.0,7.0,NA,16.0,19.0,6.0,0.0,NA,NA
Trayce Thompson_LAD,NA,NA,NA,NA,NA,NA,NA,NA,NA,NA,NA,0.0,NA,0.0,NA,NA,NA,NA,NA,NA,NA,NA,NA,NA,NA,NA,NA,NA,NA,NA,NA,NA,NA,NA,NA,NA,NA,NA,NA,NA,NA,NA,NA,NA,NA,NA,NA,NA,NA,NA,NA,NA,NA
T.J. Rivera_NYM,NA,NA,NA,NA,NA,NA,NA,NA,NA,NA,NA,0.0,NA,NA,NA,NA,NA,NA,NA,3.0,0.0,NA,NA,NA,NA,NA,21.0,8.0,0.0,5.0,7.0,17.0,NA,23.0,11.0,4.0,7.0,15.0,5.0,NA,7.0,5.0,15.0,0.0,NA,0.0,NA,NA,2.0,NA,NA,NA,NA
Tim Federowicz_SF,NA,NA,NA,NA,NA,NA,NA,NA,NA,NA,NA,2.0,NA,NA,NA,NA,NA,NA,NA,NA,NA,NA,NA,NA,NA,NA,NA,NA,NA,NA,NA,NA,NA,NA,NA,NA,NA,NA,NA,NA,NA,NA,NA,NA,NA,NA,NA,NA,NA,NA,NA,NA,NA
J.C. Ramirez_LAA,NA,NA,NA,NA,NA,NA,NA,NA,NA,NA,NA,NA,3.65,NA,NA,NA,NA,19.8,NA,NA,NA,NA,NA,27.35,NA,NA,NA,NA,26.4,NA,NA,NA,NA,NA,8.9,NA,NA,NA,NA,8.35,NA,NA,NA,NA,12.75,NA,NA,NA,NA,NA,20.8,NA,NA
Dylan Covey_CWS,NA,NA,NA,NA,NA,NA,NA,NA,NA,NA,NA,NA,7.2,NA,NA,NA,NA,-9.95,NA,NA,NA,NA,NA,8.8,NA,NA,NA,NA,NA,0.4,NA,NA,NA,NA,-3.6,NA,NA,NA,NA,NA,NA,17.55,NA,NA,NA,NA,2.7,NA,NA,NA,NA,-3.75,NA
Ichiro Suzuki_MIA,NA,NA,NA,NA,NA,NA,NA,NA,NA,NA,NA,NA,0.0,NA,NA,0.0,NA,17.0,NA,NA,NA,NA,NA,NA,NA,NA,NA,NA,NA,NA,NA,5.0,NA,NA,0.0,NA,NA,NA,NA,NA,NA,NA,NA,NA,NA,NA,NA,NA,NA,NA,NA,9.0,0.0
Kevan Smith_CWS,NA,NA,NA,NA,NA,NA,NA,NA,NA,NA,NA,NA,0.0,NA,0.0,7.0,NA,NA,NA,NA,NA,NA,NA,NA,NA,NA,NA,NA,NA,NA,NA,NA,NA,NA,NA,NA,NA,NA,NA,NA,NA,5.0,NA,0.0,NA,5.0,NA,2.0,NA,12.0,NA,3.0,8.0
Alec Asher_BAL,NA,NA,NA,NA,NA,NA,NA,NA,NA,NA,NA,NA,NA,19.25,NA,NA,NA,NA,NA,NA,NA,NA,NA,NA,NA,NA,NA,NA,NA,NA,11.3,NA,NA,NA,NA,NA,NA,NA,NA,NA,NA,NA,NA,NA,NA,NA,NA,NA,NA,NA,NA,NA,NA
Michael Taylor_WSH,NA,NA,NA,NA,NA,NA,NA,NA,NA,NA,NA,NA,NA,0.0,NA,NA,NA,NA,2.0,NA,0.0,NA,2.0,NA,NA,NA,NA,13.0,14.0,NA,5.0,10.0,20.0,5.0,0.0,0.0,7.0,0.0,21.0,NA,NA,10.0,16.0,NA,10.0,NA,5.0,10.0,0.0,8.0,NA,6.0,5.0
Alen Hanson_PIT,NA,NA,NA,NA,NA,NA,NA,NA,NA,NA,NA,NA,NA,10.0,NA,NA,NA,NA,NA,NA,NA,NA,NA,0.0,NA,NA,NA,NA,3.0,NA,20.0,NA,0.0,0.0,NA,NA,NA,NA,NA,NA,NA,NA,NA,NA,NA,NA,3.0,NA,NA,NA,NA,3.0,NA
Chase d'Arnaud_ATL,NA,NA,NA,NA,NA,NA,NA,NA,NA,NA,NA,NA,NA,7.0,NA,NA,NA,NA,NA,NA,NA,NA,NA,NA,NA,NA,NA,NA,NA,NA,NA,NA,NA,NA,NA,NA,NA,NA,NA,NA,NA,NA,NA,NA,NA,NA,NA,NA,NA,NA,NA,NA,NA
Juan Lagares_NYM,NA,NA,NA,NA,NA,NA,NA,NA,NA,NA,NA,NA,NA,2.0,NA,NA,NA,NA,NA,2.0,3.0,0.0,NA,NA,NA,NA,NA,NA,NA,NA,5.0,NA,NA,NA,NA,NA,6.0,NA,3.0,NA,NA,NA,5.0,NA,NA,14.0,NA,NA,NA,NA,NA,NA,7.0
Chris Heisey_WSH,NA,NA,NA,NA,NA,NA,NA,NA,NA,NA,NA,NA,NA,14.0,NA,NA,NA,NA,NA,3.0,NA,NA,NA,NA,NA,NA,NA,NA,NA,NA,NA,NA,NA,0.0,NA,2.0,NA,3.0,NA,NA,NA,NA,5.0,NA,NA,NA,NA,NA,NA,NA,NA,NA,NA
Ryan Flaherty_BAL,NA,NA,NA,NA,NA,NA,NA,NA,NA,NA,NA,NA,NA,2.0,NA,NA,NA,NA,NA,NA,NA,NA,NA,NA,9.0,NA,NA,NA,NA,0.0,NA,NA,NA,NA,5.0,0.0,NA,NA,NA,NA,NA,NA,19.0,NA,NA,NA,5.0,NA,NA,NA,NA,NA,NA
Andrew Cashner_TEX,NA,NA,NA,NA,NA,NA,NA,NA,NA,NA,NA,NA,NA,5.2,NA,NA,NA,NA,15.3,NA,NA,NA,NA,4.4,NA,NA,NA,NA,NA,8.7,NA,NA,NA,NA,NA,17.3,NA,NA,NA,NA,11.9,NA,NA,NA,NA,14.35,NA,NA,NA,NA,NA,-0.75,NA
Sal Romano_CIN,NA,NA,NA,NA,NA,NA,NA,NA,NA,NA,NA,NA,NA,NA,1.95,NA,NA,NA,NA,NA,NA,NA,NA,NA,NA,NA,NA,NA,NA,NA,NA,NA,NA,NA,NA,NA,NA,NA,NA,NA,NA,NA,NA,NA,NA,NA,NA,NA,NA,NA,NA,NA,NA
Nick Franklin_MIL,NA,NA,NA,NA,NA,NA,NA,NA,NA,NA,NA,NA,NA,NA,0.0,NA,NA,0.0,NA,NA,NA,NA,NA,NA,3.0,NA,NA,NA,NA,NA,0.0,NA,NA,9.0,0.0,NA,NA,NA,NA,NA,NA,NA,0.0,2.0,NA,NA,NA,NA,NA,NA,NA,NA,NA
Willy Garcia_CWS,NA,NA,NA,NA,NA,NA,NA,NA,NA,NA,NA,NA,NA,NA,3.0,NA,NA,NA,NA,NA,NA,NA,NA,NA,NA,NA,NA,NA,NA,NA,2.0,NA,NA,3.0,NA,NA,NA,7.0,NA,NA,5.0,NA,9.0,NA,NA,NA,NA,3.0,18.0,NA,NA,5.0,NA
Chris Coghlan_TOR,NA,NA,NA,NA,NA,NA,NA,NA,NA,NA,NA,NA,NA,NA,5.0,NA,NA,NA,NA,11.0,NA,0.0,3.0,NA,NA,10.0,NA,0.0,NA,17.0,5.0,NA,NA,0.0,NA,NA,NA,0.0,NA,2.0,NA,0.0,NA,2.0,NA,NA,14.0,NA,NA,NA,NA,2.0,12.0
Raimel Tapia_COL,NA,NA,NA,NA,NA,NA,NA,NA,NA,NA,NA,NA,NA,NA,0.0,NA,NA,NA,NA,NA,NA,NA,NA,NA,NA,NA,NA,NA,NA,NA,NA,NA,NA,NA,NA,NA,NA,NA,NA,NA,NA,NA,NA,NA,NA,NA,0.0,NA,NA,NA,NA,NA,NA
Martin Prado_MIA,NA,NA,NA,NA,NA,NA,NA,NA,NA,NA,NA,NA,NA,NA,NA,3.0,NA,6.0,NA,6.0,17.0,5.0,NA,NA,14.0,3.0,5.0,5.0,5.0,2.0,10.0,10.0,3.0,15.0,0.0,NA,NA,NA,NA,NA,NA,NA,NA,NA,NA,NA,NA,NA,NA,NA,NA,NA,NA
Rob Segedin_LAD,NA,NA,NA,NA,NA,NA,NA,NA,NA,NA,NA,NA,NA,NA,NA,5.0,NA,NA,NA,NA,NA,NA,NA,NA,NA,NA,NA,NA,NA,NA,NA,NA,NA,NA,NA,NA,NA,NA,NA,NA,NA,NA,NA,NA,NA,NA,NA,NA,NA,NA,NA,NA,NA
Zach Eflin_PHI,NA,NA,NA,NA,NA,NA,NA,NA,NA,NA,NA,NA,NA,NA,NA,NA,11.65,NA,NA,NA,NA,17.35,NA,NA,NA,NA,NA,16.75,NA,NA,NA,NA,5.75,NA,NA,NA,NA,NA,10.9,NA,NA,NA,NA,NA,NA,-11.4,NA,NA,NA,NA,NA,-1.7,NA
Brian Johnson_BOS,NA,NA,NA,NA,NA,NA,NA,NA,NA,NA,NA,NA,NA,NA,NA,NA,13.85,NA,NA,NA,NA,NA,NA,NA,NA,NA,NA,NA,NA,NA,NA,NA,NA,NA,NA,NA,NA,NA,NA,NA,NA,NA,NA,NA,NA,NA,NA,NA,NA,NA,NA,NA,NA
Whit Merrifield_KC,NA,NA,NA,NA,NA,NA,NA,NA,NA,NA,NA,NA,NA,NA,NA,NA,21.0,0.0,NA,13.0,3.0,0.0,2.0,NA,7.0,NA,5.0,NA,14.0,NA,5.0,7.0,0.0,5.0,0.0,0.0,6.0,0.0,NA,23.0,7.0,5.0,10.0,NA,5.0,14.0,8.0,10.0,NA,3.0,5.0,17.0,3.0
Shane Peterson_TB,NA,NA,NA,NA,NA,NA,NA,NA,NA,NA,NA,NA,NA,NA,NA,NA,5.0,10.0,NA,3.0,7.0,5.0,9.0,NA,4.0,NA,3.0,NA,2.0,NA,NA,NA,NA,NA,NA,NA,NA,NA,NA,NA,NA,NA,NA,NA,NA,NA,NA,NA,NA,NA,NA,NA,NA
Jaff Decker_OAK,NA,NA,NA,NA,NA,NA,NA,NA,NA,NA,NA,NA,NA,NA,NA,NA,7.0,3.0,7.0,6.0,2.0,0.0,NA,5.0,3.0,0.0,0.0,2.0,NA,NA,NA,NA,10.0,NA,0.0,NA,0.0,NA,NA,NA,NA,NA,NA,NA,NA,NA,NA,NA,NA,NA,NA,NA,NA
Joe Ross_WSH,NA,NA,NA,NA,NA,NA,NA,NA,NA,NA,NA,NA,NA,NA,NA,NA,NA,23.55,NA,NA,NA,NA,NA,-0.9,NA,NA,NA,NA,4.2,NA,NA,NA,NA,NA,NA,NA,NA,NA,NA,NA,NA,NA,NA,NA,NA,NA,NA,NA,NA,NA,NA,29.0,NA
Matt Szczur_CHC,NA,NA,NA,NA,NA,NA,NA,NA,NA,NA,NA,NA,NA,NA,NA,NA,NA,3.0,NA,NA,NA,NA,NA,NA,NA,NA,NA,NA,NA,NA,NA,NA,7.0,NA,NA,NA,NA,NA,NA,NA,NA,NA,NA,NA,NA,NA,NA,NA,NA,NA,NA,NA,NA
Chris Taylor_LAD,NA,NA,NA,NA,NA,NA,NA,NA,NA,NA,NA,NA,NA,NA,NA,NA,NA,12.0,NA,NA,10.0,NA,NA,3.0,NA,7.0,NA,0.0,14.0,NA,10.0,NA,NA,NA,10.0,NA,32.0,5.0,4.0,3.0,4.0,5.0,3.0,15.0,19.0,2.0,NA,22.0,4.0,5.0,NA,NA,3.0
Chad Pinder_OAK,NA,NA,NA,NA,NA,NA,NA,NA,NA,NA,NA,NA,NA,NA,NA,NA,NA,19.0,0.0,NA,0.0,NA,NA,NA,NA,NA,NA,5.0,5.0,NA,NA,5.0,14.0,NA,NA,10.0,NA,NA,16.0,NA,NA,NA,NA,9.0,NA,NA,16.0,0.0,20.0,23.0,NA,NA,5.0
Mike Freeman_SEA,NA,NA,NA,NA,NA,NA,NA,NA,NA,NA,NA,NA,NA,NA,NA,NA,NA,0.0,NA,NA,0.0,2.0,NA,NA,NA,NA,NA,NA,NA,NA,NA,NA,NA,NA,NA,NA,NA,NA,NA,0.0,NA,NA,NA,NA,NA,NA,NA,NA,2.0,NA,NA,NA,NA
Anthony Recker_ATL,NA,NA,NA,NA,NA,NA,NA,NA,NA,NA,NA,NA,NA,NA,NA,NA,NA,0.0,NA,NA,NA,NA,NA,NA,NA,NA,NA,NA,NA,NA,NA,NA,NA,NA,NA,NA,NA,NA,NA,NA,NA,NA,NA,NA,NA,NA,NA,NA,NA,NA,NA,NA,NA
Erasmo Ramirez_TB,NA,NA,NA,NA,NA,NA,NA,NA,NA,NA,NA,NA,NA,NA,NA,NA,NA,NA,22.05,NA,NA,NA,NA,NA,NA,NA,NA,NA,NA,NA,NA,NA,NA,NA,NA,NA,NA,NA,NA,NA,NA,NA,NA,NA,NA,NA,NA,13.8,NA,NA,NA,NA,14.5
Cesar Valdez_OAK,NA,NA,NA,NA,NA,NA,NA,NA,NA,NA,NA,NA,NA,NA,NA,NA,NA,NA,6.8,NA,NA,NA,NA,NA,NA,NA,NA,NA,NA,NA,NA,NA,NA,NA,NA,NA,NA,NA,NA,NA,NA,NA,NA,NA,NA,NA,NA,NA,NA,NA,NA,NA,NA
Grant Green_WSH,NA,NA,NA,NA,NA,NA,NA,NA,NA,NA,NA,NA,NA,NA,NA,NA,NA,NA,0.0,NA,NA,NA,NA,NA,NA,NA,NA,NA,NA,NA,NA,NA,NA,NA,NA,NA,NA,NA,NA,NA,NA,NA,NA,NA,NA,NA,NA,NA,NA,NA,NA,NA,NA
Mat Latos_TOR,NA,NA,NA,NA,NA,NA,NA,NA,NA,NA,NA,NA,NA,NA,NA,NA,NA,NA,NA,-0.75,NA,NA,NA,NA,NA,17.9,NA,NA,NA,NA,-1.6,NA,NA,NA,NA,NA,NA,NA,NA,NA,NA,NA,NA,NA,NA,NA,NA,NA,NA,NA,NA,NA,NA
Alex Meyer_LAA,NA,NA,NA,NA,NA,NA,NA,NA,NA,NA,NA,NA,NA,NA,NA,NA,NA,NA,NA,6.65,NA,NA,NA,NA,NA,NA,NA,NA,NA,NA,NA,NA,-2.2,NA,NA,NA,NA,18.6,NA,NA,NA,NA,27.25,NA,NA,NA,NA,NA,12.2,NA,NA,NA,NA
Timothy Adleman_CIN,NA,NA,NA,NA,NA,NA,NA,NA,NA,NA,NA,NA,NA,NA,NA,NA,NA,NA,NA,19.3,NA,NA,NA,NA,NA,NA,2.6,NA,NA,NA,NA,NA,19.3,NA,NA,NA,NA,17.05,NA,NA,NA,NA,-6.75,NA,NA,NA,NA,NA,0.5,NA,NA,NA,NA
Jason Kipnis_CLE,NA,NA,NA,NA,NA,NA,NA,NA,NA,NA,NA,NA,NA,NA,NA,NA,NA,NA,NA,4.0,3.0,NA,NA,0.0,8.0,3.0,0.0,0.0,14.0,NA,0.0,2.0,NA,8.0,8.0,0.0,0.0,0.0,16.0,NA,0.0,0.0,38.0,14.0,7.0,5.0,NA,17.0,5.0,10.0,14.0,0.0,12.0
Jose Osuna_PIT,NA,NA,NA,NA,NA,NA,NA,NA,NA,NA,NA,NA,NA,NA,NA,NA,NA,NA,NA,12.0,NA,0.0,20.0,NA,0.0,NA,20.0,NA,NA,2.0,13.0,NA,NA,0.0,NA,16.0,5.0,0.0,0.0,0.0,4.0,NA,NA,NA,NA,NA,NA,0.0,NA,NA,NA,NA,NA
Cody Reed_CIN,NA,NA,NA,NA,NA,NA,NA,NA,NA,NA,NA,NA,NA,NA,NA,NA,NA,NA,NA,NA,-8.3,NA,NA,NA,NA,NA,NA,NA,NA,NA,NA,NA,NA,NA,NA,NA,NA,NA,NA,NA,NA,NA,NA,NA,NA,NA,NA,NA,NA,NA,NA,NA,NA
Casey Lawrence_TOR,NA,NA,NA,NA,NA,NA,NA,NA,NA,NA,NA,NA,NA,NA,NA,NA,NA,NA,NA,NA,8.25,NA,NA,NA,NA,-6.55,NA,NA,NA,NA,NA,NA,NA,NA,NA,NA,NA,NA,NA,NA,NA,NA,NA,NA,NA,NA,NA,NA,NA,NA,NA,NA,NA
Jayson Aquino_BAL,NA,NA,NA,NA,NA,NA,NA,NA,NA,NA,NA,NA,NA,NA,NA,NA,NA,NA,NA,NA,12.1,NA,NA,NA,NA,NA,NA,NA,NA,NA,NA,NA,NA,NA,NA,NA,NA,NA,NA,NA,NA,NA,NA,NA,NA,NA,NA,NA,NA,NA,NA,NA,NA
Nick Martinez_TEX,NA,NA,NA,NA,NA,NA,NA,NA,NA,NA,NA,NA,NA,NA,NA,NA,NA,NA,NA,NA,16.75,NA,NA,NA,NA,NA,18.5,NA,NA,NA,NA,-7.2,NA,NA,NA,NA,8.1,NA,NA,NA,NA,4.7,NA,NA,NA,NA,NA,19.65,NA,NA,NA,NA,NA
Juan Graterol_LAA,NA,NA,NA,NA,NA,NA,NA,NA,NA,NA,NA,NA,NA,NA,NA,NA,NA,NA,NA,NA,3.0,NA,NA,NA,NA,0.0,NA,NA,NA,NA,NA,NA,7.0,NA,NA,NA,NA,NA,5.0,NA,NA,NA,5.0,NA,NA,NA,NA,NA,0.0,NA,NA,NA,NA
Brett Eibner_LAD,NA,NA,NA,NA,NA,NA,NA,NA,NA,NA,NA,NA,NA,NA,NA,NA,NA,NA,NA,NA,3.0,NA,NA,NA,NA,NA,NA,NA,NA,NA,NA,NA,NA,NA,NA,NA,NA,NA,NA,NA,NA,16.0,NA,NA,NA,NA,NA,18.0,NA,NA,NA,NA,NA
Daniel Wright_LAA,NA,NA,NA,NA,NA,NA,NA,NA,NA,NA,NA,NA,NA,NA,NA,NA,NA,NA,NA,NA,NA,14.25,NA,NA,NA,NA,NA,NA,NA,NA,NA,NA,NA,NA,NA,NA,NA,NA,NA,NA,NA,NA,NA,NA,NA,NA,NA,NA,NA,NA,NA,NA,NA
Jorge Bonifacio_KC,NA,NA,NA,NA,NA,NA,NA,NA,NA,NA,NA,NA,NA,NA,NA,NA,NA,NA,NA,NA,NA,17.0,0.0,5.0,8.0,NA,5.0,NA,3.0,21.0,2.0,2.0,0.0,8.0,NA,0.0,NA,9.0,NA,12.0,NA,2.0,NA,NA,8.0,NA,5.0,21.0,NA,16.0,14.0,16.0,0.0
Michael Martinez_CLE,NA,NA,NA,NA,NA,NA,NA,NA,NA,NA,NA,NA,NA,NA,NA,NA,NA,NA,NA,NA,NA,2.0,NA,NA,NA,NA,NA,NA,NA,5.0,NA,NA,NA,NA,NA,NA,NA,NA,NA,NA,NA,NA,NA,NA,NA,NA,NA,NA,NA,NA,NA,NA,NA
Matt Olson_OAK,NA,NA,NA,NA,NA,NA,NA,NA,NA,NA,NA,NA,NA,NA,NA,NA,NA,NA,NA,NA,NA,0.0,NA,NA,NA,NA,NA,NA,NA,NA,NA,NA,NA,NA,NA,NA,NA,NA,NA,NA,NA,NA,NA,NA,NA,NA,NA,NA,NA,NA,NA,NA,NA
Kevin Plawecki_NYM,NA,NA,NA,NA,NA,NA,NA,NA,NA,NA,NA,NA,NA,NA,NA,NA,NA,NA,NA,NA,NA,0.0,NA,NA,NA,NA,NA,NA,NA,NA,NA,NA,NA,NA,6.0,NA,NA,NA,2.0,NA,NA,12.0,NA,NA,NA,2.0,NA,NA,NA,0.0,NA,NA,NA
Matt Garza_MIL,NA,NA,NA,NA,NA,NA,NA,NA,NA,NA,NA,NA,NA,NA,NA,NA,NA,NA,NA,NA,NA,NA,10.8,NA,NA,NA,NA,NA,23.4,NA,NA,NA,NA,NA,16.95,NA,NA,NA,NA,NA,17.3,NA,NA,NA,NA,14.5,NA,NA,NA,NA,NA,NA,5.8
Kennys Vargas_MIN,NA,NA,NA,NA,NA,NA,NA,NA,NA,NA,NA,NA,NA,NA,NA,NA,NA,NA,NA,NA,NA,NA,7.0,19.0,5.0,NA,NA,NA,6.0,NA,NA,25.0,0.0,NA,5.0,16.0,NA,16.0,NA,NA,3.0,2.0,9.0,NA,0.0,NA,NA,NA,NA,3.0,NA,10.0,10.0
Austin Pruitt_TB,NA,NA,NA,NA,NA,NA,NA,NA,NA,NA,NA,NA,NA,NA,NA,NA,NA,NA,NA,NA,NA,NA,NA,10.95,NA,NA,NA,NA,NA,NA,NA,NA,NA,NA,NA,NA,NA,NA,NA,NA,NA,NA,NA,NA,NA,NA,NA,NA,NA,NA,NA,NA,NA
Ty Blach_SF,NA,NA,NA,NA,NA,NA,NA,NA,NA,NA,NA,NA,NA,NA,NA,NA,NA,NA,NA,NA,NA,NA,NA,8.25,NA,NA,NA,NA,14.75,NA,NA,NA,NA,NA,-16.45,NA,NA,NA,NA,12.15,NA,NA,NA,NA,21.55,NA,NA,NA,NA,NA,14.95,NA,NA
German Marquez_COL,NA,NA,NA,NA,NA,NA,NA,NA,NA,NA,NA,NA,NA,NA,NA,NA,NA,NA,NA,NA,NA,NA,NA,-10.2,NA,NA,NA,NA,25.9,NA,NA,NA,NA,4.7,NA,NA,NA,NA,35.6,NA,NA,NA,NA,NA,NA,NA,15.65,NA,NA,NA,NA,21.5,NA
Cory Spangenberg_SD,NA,NA,NA,NA,NA,NA,NA,NA,NA,NA,NA,NA,NA,NA,NA,NA,NA,NA,NA,NA,NA,NA,NA,3.0,10.0,NA,10.0,4.0,NA,NA,7.0,5.0,NA,9.0,3.0,NA,14.0,6.0,0.0,NA,5.0,NA,0.0,21.0,3.0,0.0,5.0,2.0,6.0,2.0,NA,2.0,NA
Cody Bellinger_LAD,NA,NA,NA,NA,NA,NA,NA,NA,NA,NA,NA,NA,NA,NA,NA,NA,NA,NA,NA,NA,NA,NA,NA,5.0,0.0,2.0,10.0,28.0,3.0,12.0,21.0,0.0,NA,35.0,34.0,NA,4.0,9.0,16.0,10.0,18.0,2.0,12.0,0.0,NA,14.0,4.0,16.0,19.0,5.0,NA,0.0,5.0
Jim Adduci_DET,NA,NA,NA,NA,NA,NA,NA,NA,NA,NA,NA,NA,NA,NA,NA,NA,NA,NA,NA,NA,NA,NA,NA,18.0,NA,0.0,8.0,NA,13.0,0.0,0.0,8.0,NA,21.0,7.0,6.0,NA,NA,3.0,NA,NA,NA,NA,NA,NA,NA,NA,NA,NA,NA,NA,NA,NA
Dan Vogelbach_SEA,NA,NA,NA,NA,NA,NA,NA,NA,NA,NA,NA,NA,NA,NA,NA,NA,NA,NA,NA,NA,NA,NA,NA,5.0,NA,NA,0.0,NA,2.0,NA,NA,NA,NA,NA,NA,NA,NA,NA,NA,NA,NA,NA,NA,NA,NA,NA,NA,NA,NA,3.0,NA,NA,NA
Ben Gamel_SEA,NA,NA,NA,NA,NA,NA,NA,NA,NA,NA,NA,NA,NA,NA,NA,NA,NA,NA,NA,NA,NA,NA,NA,NA,4.0,8.0,21.0,2.0,5.0,NA,6.0,12.0,25.0,3.0,12.0,2.0,NA,37.0,14.0,2.0,0.0,12.0,0.0,6.0,0.0,13.0,6.0,2.0,5.0,3.0,NA,0.0,3.0
Christian Arroyo_SF,NA,NA,NA,NA,NA,NA,NA,NA,NA,NA,NA,NA,NA,NA,NA,NA,NA,NA,NA,NA,NA,NA,NA,NA,16.0,8.0,14.0,0.0,3.0,12.0,8.0,0.0,NA,14.0,7.0,5.0,0.0,4.0,14.0,3.0,5.0,NA,2.0,11.0,3.0,0.0,NA,12.0,9.0,7.0,0.0,0.0,2.0
John Hicks_DET,NA,NA,NA,NA,NA,NA,NA,NA,NA,NA,NA,NA,NA,NA,NA,NA,NA,NA,NA,NA,NA,NA,NA,NA,7.0,NA,3.0,7.0,12.0,NA,NA,NA,NA,NA,NA,NA,NA,NA,NA,NA,NA,NA,NA,NA,NA,NA,NA,NA,NA,NA,NA,NA,NA
Josh Rutledge_BOS,NA,NA,NA,NA,NA,NA,NA,NA,NA,NA,NA,NA,NA,NA,NA,NA,NA,NA,NA,NA,NA,NA,NA,NA,0.0,NA,NA,NA,NA,NA,NA,NA,6.0,8.0,11.0,NA,NA,5.0,0.0,7.0,5.0,NA,NA,NA,NA,NA,NA,NA,2.0,NA,NA,NA,NA
Drew Stubbs_SF,NA,NA,NA,NA,NA,NA,NA,NA,NA,NA,NA,NA,NA,NA,NA,NA,NA,NA,NA,NA,NA,NA,NA,NA,3.0,NA,0.0,5.0,NA,0.0,NA,NA,NA,NA,NA,NA,NA,NA,NA,NA,NA,NA,NA,NA,NA,NA,NA,NA,NA,NA,NA,NA,NA
Pat Valaika_COL,NA,NA,NA,NA,NA,NA,NA,NA,NA,NA,NA,NA,NA,NA,NA,NA,NA,NA,NA,NA,NA,NA,NA,NA,NA,10.0,4.0,NA,NA,NA,NA,NA,NA,NA,NA,19.0,NA,NA,5.0,9.0,0.0,0.0,32.0,NA,2.0,NA,0.0,NA,NA,14.0,NA,NA,NA
Kelby Tomlinson_SF,NA,NA,NA,NA,NA,NA,NA,NA,NA,NA,NA,NA,NA,NA,NA,NA,NA,NA,NA,NA,NA,NA,NA,NA,NA,11.0,NA,NA,NA,NA,NA,3.0,NA,NA,2.0,NA,NA,NA,NA,NA,NA,10.0,NA,NA,NA,NA,NA,NA,NA,NA,NA,NA,NA
Tony Kemp_HOU,NA,NA,NA,NA,NA,NA,NA,NA,NA,NA,NA,NA,NA,NA,NA,NA,NA,NA,NA,NA,NA,NA,NA,NA,NA,0.0,NA,NA,NA,NA,NA,NA,NA,NA,NA,NA,NA,NA,NA,NA,NA,NA,NA,NA,NA,NA,NA,NA,NA,NA,NA,NA,NA
Andres Blanco_PHI,NA,NA,NA,NA,NA,NA,NA,NA,NA,NA,NA,NA,NA,NA,NA,NA,NA,NA,NA,NA,NA,NA,NA,NA,NA,2.0,NA,NA,NA,NA,NA,NA,NA,NA,NA,NA,NA,NA,3.0,NA,NA,NA,5.0,NA,NA,NA,3.0,NA,NA,NA,NA,7.0,0.0
Julio Urias_LAD,NA,NA,NA,NA,NA,NA,NA,NA,NA,NA,NA,NA,NA,NA,NA,NA,NA,NA,NA,NA,NA,NA,NA,NA,NA,14.55,NA,NA,NA,NA,NA,8.45,NA,NA,NA,NA,NA,20.45,NA,NA,NA,NA,-6.4,NA,NA,NA,NA,NA,-12.75,NA,NA,NA,NA
Mike Pelfrey_CWS,NA,NA,NA,NA,NA,NA,NA,NA,NA,NA,NA,NA,NA,NA,NA,NA,NA,NA,NA,NA,NA,NA,NA,NA,NA,NA,2.5,NA,NA,NA,NA,4.4,NA,NA,NA,NA,NA,4.3,NA,NA,NA,NA,NA,2.9,NA,NA,NA,NA,19.1,NA,NA,NA,NA
Devin Mesoraco_CIN,NA,NA,NA,NA,NA,NA,NA,NA,NA,NA,NA,NA,NA,NA,NA,NA,NA,NA,NA,NA,NA,NA,NA,NA,NA,NA,7.0,NA,NA,NA,0.0,18.0,NA,4.0,5.0,NA,NA,7.0,NA,0.0,NA,12.0,5.0,NA,NA,NA,NA,NA,23.0,10.0,NA,0.0,NA
Michael Morse_SF,NA,NA,NA,NA,NA,NA,NA,NA,NA,NA,NA,NA,NA,NA,NA,NA,NA,NA,NA,NA,NA,NA,NA,NA,NA,NA,2.0,0.0,7.0,3.0,NA,NA,NA,0.0,NA,NA,NA,NA,NA,NA,NA,5.0,NA,NA,NA,0.0,NA,NA,NA,NA,NA,NA,NA
Mpho' Ngoepe_PIT,NA,NA,NA,NA,NA,NA,NA,NA,NA,NA,NA,NA,NA,NA,NA,NA,NA,NA,NA,NA,NA,NA,NA,NA,NA,NA,24.0,2.0,NA,NA,NA,4.0,7.0,NA,5.0,0.0,NA,0.0,NA,0.0,NA,NA,7.0,NA,NA,3.0,NA,NA,NA,0.0,NA,NA,NA
Didi Gregorius_NYY,NA,NA,NA,NA,NA,NA,NA,NA,NA,NA,NA,NA,NA,NA,NA,NA,NA,NA,NA,NA,NA,NA,NA,NA,NA,NA,10.0,14.0,13.0,0.0,4.0,NA,NA,3.0,10.0,0.0,7.0,22.0,NA,3.0,8.0,NA,5.0,NA,14.0,14.0,7.0,0.0,0.0,16.0,19.0,0.0,21.0
Ryan LaMarre_OAK,NA,NA,NA,NA,NA,NA,NA,NA,NA,NA,NA,NA,NA,NA,NA,NA,NA,NA,NA,NA,NA,NA,NA,NA,NA,NA,NA,2.0,0.0,NA,NA,NA,NA,NA,NA,NA,NA,NA,NA,NA,NA,NA,NA,NA,NA,NA,NA,NA,NA,NA,NA,NA,NA
Nick Pivetta_PHI,NA,NA,NA,NA,NA,NA,NA,NA,NA,NA,NA,NA,NA,NA,NA,NA,NA,NA,NA,NA,NA,NA,NA,NA,NA,NA,NA,NA,11.25,NA,NA,NA,NA,9.25,NA,NA,NA,NA,NA,NA,NA,7.1,NA,NA,NA,NA,14.3,NA,NA,NA,NA,NA,NA
Ian Desmond_COL,NA,NA,NA,NA,NA,NA,NA,NA,NA,NA,NA,NA,NA,NA,NA,NA,NA,NA,NA,NA,NA,NA,NA,NA,NA,NA,NA,NA,3.0,NA,10.0,33.0,10.0,0.0,5.0,0.0,NA,8.0,2.0,22.0,3.0,8.0,3.0,NA,10.0,NA,2.0,9.0,7.0,0.0,NA,7.0,10.0
Chase De Jong_SEA,NA,NA,NA,NA,NA,NA,NA,NA,NA,NA,NA,NA,NA,NA,NA,NA,NA,NA,NA,NA,NA,NA,NA,NA,NA,NA,NA,NA,-10.6,NA,NA,NA,NA,NA,15.1,NA,NA,NA,NA,-4.75,NA,NA,NA,NA,7.5,NA,NA,NA,NA,NA,NA,NA,NA
Chase d'Arnaud_BOS,NA,NA,NA,NA,NA,NA,NA,NA,NA,NA,NA,NA,NA,NA,NA,NA,NA,NA,NA,NA,NA,NA,NA,NA,NA,NA,NA,NA,NA,NA,NA,NA,NA,NA,NA,NA,NA,NA,NA,NA,NA,NA,NA,NA,NA,NA,NA,NA,NA,NA,NA,NA,NA
Herschel Powell_SEA,NA,NA,NA,NA,NA,NA,NA,NA,NA,NA,NA,NA,NA,NA,NA,NA,NA,NA,NA,NA,NA,NA,NA,NA,NA,NA,NA,NA,0.0,NA,NA,NA,NA,NA,NA,NA,NA,NA,NA,NA,NA,NA,NA,NA,NA,NA,NA,NA,NA,NA,NA,NA,NA
Matt Reynolds_NYM,NA,NA,NA,NA,NA,NA,NA,NA,NA,NA,NA,NA,NA,NA,NA,NA,NA,NA,NA,NA,NA,NA,NA,NA,NA,NA,NA,NA,5.0,NA,NA,NA,NA,NA,NA,NA,NA,NA,NA,NA,NA,NA,NA,NA,NA,9.0,NA,NA,NA,14.0,NA,NA,NA
Luke Maile_TOR,NA,NA,NA,NA,NA,NA,NA,NA,NA,NA,NA,NA,NA,NA,NA,NA,NA,NA,NA,NA,NA,NA,NA,NA,NA,NA,NA,NA,NA,2.0,NA,NA,NA,NA,0.0,NA,3.0,NA,0.0,0.0,0.0,7.0,0.0,NA,0.0,5.0,14.0,0.0,NA,0.0,NA,NA,2.0
Sonny Gray_OAK,NA,NA,NA,NA,NA,NA,NA,NA,NA,NA,NA,NA,NA,NA,NA,NA,NA,NA,NA,NA,NA,NA,NA,NA,NA,NA,NA,NA,NA,NA,9.3,NA,NA,NA,NA,7.7,NA,NA,NA,NA,NA,11.3,NA,NA,NA,NA,23.9,NA,NA,NA,NA,NA,37.35
Yolmer Sanchez_CWS,NA,NA,NA,NA,NA,NA,NA,NA,NA,NA,NA,NA,NA,NA,NA,NA,NA,NA,NA,NA,NA,NA,NA,NA,NA,NA,NA,NA,NA,NA,17.0,5.0,5.0,NA,7.0,9.0,NA,NA,NA,NA,6.0,5.0,15.0,12.0,19.0,10.0,3.0,7.0,12.0,9.0,0.0,NA,2.0
Elias Diaz_PIT,NA,NA,NA,NA,NA,NA,NA,NA,NA,NA,NA,NA,NA,NA,NA,NA,NA,NA,NA,NA,NA,NA,NA,NA,NA,NA,NA,NA,NA,NA,NA,5.0,NA,NA,NA,NA,NA,NA,NA,NA,NA,NA,NA,NA,NA,NA,NA,NA,NA,NA,NA,NA,NA
Luis Valbuena_LAA,NA,NA,NA,NA,NA,NA,NA,NA,NA,NA,NA,NA,NA,NA,NA,NA,NA,NA,NA,NA,NA,NA,NA,NA,NA,NA,NA,NA,NA,NA,NA,5.0,NA,NA,10.0,3.0,19.0,4.0,0.0,NA,20.0,NA,2.0,0.0,NA,0.0,NA,0.0,6.0,NA,2.0,8.0,0.0
Kyle Kendrick_BOS,NA,NA,NA,NA,NA,NA,NA,NA,NA,NA,NA,NA,NA,NA,NA,NA,NA,NA,NA,NA,NA,NA,NA,NA,NA,NA,NA,NA,NA,NA,NA,NA,-7.0,NA,NA,NA,NA,NA,-4.85,NA,NA,NA,NA,NA,NA,NA,NA,NA,NA,NA,NA,NA,NA
Tyler Wilson_BAL,NA,NA,NA,NA,NA,NA,NA,NA,NA,NA,NA,NA,NA,NA,NA,NA,NA,NA,NA,NA,NA,NA,NA,NA,NA,NA,NA,NA,NA,NA,NA,NA,9.9,NA,NA,NA,NA,NA,NA,NA,NA,NA,NA,NA,NA,NA,NA,NA,NA,NA,NA,NA,NA
Braden Shipley_ARI,NA,NA,NA,NA,NA,NA,NA,NA,NA,NA,NA,NA,NA,NA,NA,NA,NA,NA,NA,NA,NA,NA,NA,NA,NA,NA,NA,NA,NA,NA,NA,NA,0.4,NA,NA,NA,NA,NA,NA,NA,NA,NA,NA,NA,NA,NA,NA,NA,NA,NA,NA,NA,NA
Colby Rasmus_TB,NA,NA,NA,NA,NA,NA,NA,NA,NA,NA,NA,NA,NA,NA,NA,NA,NA,NA,NA,NA,NA,NA,NA,NA,NA,NA,NA,NA,NA,NA,NA,NA,4.0,NA,18.0,3.0,22.0,15.0,28.0,NA,0.0,NA,NA,0.0,19.0,3.0,NA,0.0,5.0,NA,0.0,3.0,14.0
Rafael Montero_NYM,NA,NA,NA,NA,NA,NA,NA,NA,NA,NA,NA,NA,NA,NA,NA,NA,NA,NA,NA,NA,NA,NA,NA,NA,NA,NA,NA,NA,NA,NA,NA,NA,NA,-0.35,NA,NA,NA,NA,NA,NA,NA,NA,NA,NA,NA,NA,NA,NA,NA,NA,NA,NA,NA
Bruce Maxwell_OAK,NA,NA,NA,NA,NA,NA,NA,NA,NA,NA,NA,NA,NA,NA,NA,NA,NA,NA,NA,NA,NA,NA,NA,NA,NA,NA,NA,NA,NA,NA,NA,NA,NA,2.0,NA,0.0,NA,3.0,0.0,NA,NA,7.0,NA,NA,NA,NA,NA,NA,NA,NA,NA,NA,NA
A.J. Cole_WSH,NA,NA,NA,NA,NA,NA,NA,NA,NA,NA,NA,NA,NA,NA,NA,NA,NA,NA,NA,NA,NA,NA,NA,NA,NA,NA,NA,NA,NA,NA,NA,NA,NA,NA,13.5,NA,NA,NA,NA,NA,NA,NA,NA,NA,NA,NA,NA,NA,NA,NA,NA,NA,NA
Nick Tepesch_MIN,NA,NA,NA,NA,NA,NA,NA,NA,NA,NA,NA,NA,NA,NA,NA,NA,NA,NA,NA,NA,NA,NA,NA,NA,NA,NA,NA,NA,NA,NA,NA,NA,NA,NA,1.55,NA,NA,NA,NA,NA,NA,NA,NA,NA,NA,NA,NA,NA,NA,NA,NA,NA,NA
Odrisamer Despaigne_MIA,NA,NA,NA,NA,NA,NA,NA,NA,NA,NA,NA,NA,NA,NA,NA,NA,NA,NA,NA,NA,NA,NA,NA,NA,NA,NA,NA,NA,NA,NA,NA,NA,NA,NA,6.5,NA,NA,NA,NA,NA,NA,NA,NA,NA,NA,NA,NA,NA,NA,NA,NA,NA,NA
Jorge Soler_KC,NA,NA,NA,NA,NA,NA,NA,NA,NA,NA,NA,NA,NA,NA,NA,NA,NA,NA,NA,NA,NA,NA,NA,NA,NA,NA,NA,NA,NA,NA,NA,NA,NA,NA,0.0,2.0,0.0,NA,7.0,4.0,2.0,8.0,16.0,NA,7.0,5.0,2.0,0.0,NA,7.0,5.0,0.0,NA
Ryan Hanigan_COL,NA,NA,NA,NA,NA,NA,NA,NA,NA,NA,NA,NA,NA,NA,NA,NA,NA,NA,NA,NA,NA,NA,NA,NA,NA,NA,NA,NA,NA,NA,NA,NA,NA,NA,8.0,NA,NA,NA,0.0,7.0,NA,0.0,NA,NA,NA,NA,0.0,NA,NA,5.0,NA,NA,NA
Tommy Pham_STL,NA,NA,NA,NA,NA,NA,NA,NA,NA,NA,NA,NA,NA,NA,NA,NA,NA,NA,NA,NA,NA,NA,NA,NA,NA,NA,NA,NA,NA,NA,NA,NA,NA,NA,2.0,43.0,7.0,14.0,7.0,NA,0.0,23.0,8.0,NA,2.0,7.0,NA,2.0,NA,5.0,NA,NA,NA
Chris Tillman_BAL,NA,NA,NA,NA,NA,NA,NA,NA,NA,NA,NA,NA,NA,NA,NA,NA,NA,NA,NA,NA,NA,NA,NA,NA,NA,NA,NA,NA,NA,NA,NA,NA,NA,NA,NA,19.65,NA,NA,NA,NA,NA,5.75,NA,NA,NA,NA,NA,10.7,NA,NA,NA,NA,2.65
Jose Urena_MIA,NA,NA,NA,NA,NA,NA,NA,NA,NA,NA,NA,NA,NA,NA,NA,NA,NA,NA,NA,NA,NA,NA,NA,NA,NA,NA,NA,NA,NA,NA,NA,NA,NA,NA,NA,19.7,NA,NA,NA,NA,12.7,NA,NA,NA,NA,10.75,NA,NA,NA,NA,NA,5.05,NA
Mike Clevinger_CLE,NA,NA,NA,NA,NA,NA,NA,NA,NA,NA,NA,NA,NA,NA,NA,NA,NA,NA,NA,NA,NA,NA,NA,NA,NA,NA,NA,NA,NA,NA,NA,NA,NA,NA,NA,23.75,NA,NA,NA,NA,NA,8.95,NA,NA,NA,NA,NA,NA,33.35,NA,NA,NA,NA
Joe Biagini_TOR,NA,NA,NA,NA,NA,NA,NA,NA,NA,NA,NA,NA,NA,NA,NA,NA,NA,NA,NA,NA,NA,NA,NA,NA,NA,NA,NA,NA,NA,NA,NA,NA,NA,NA,NA,15.8,NA,NA,NA,NA,18.85,NA,NA,NA,NA,2.0,NA,NA,NA,NA,NA,4.95,NA
Dillon Overton_SEA,NA,NA,NA,NA,NA,NA,NA,NA,NA,NA,NA,NA,NA,NA,NA,NA,NA,NA,NA,NA,NA,NA,NA,NA,NA,NA,NA,NA,NA,NA,NA,NA,NA,NA,NA,6.5,NA,NA,NA,NA,NA,NA,NA,NA,NA,NA,NA,NA,NA,NA,NA,NA,NA
Gregor Blanco_ARI,NA,NA,NA,NA,NA,NA,NA,NA,NA,NA,NA,NA,NA,NA,NA,NA,NA,NA,NA,NA,NA,NA,NA,NA,NA,NA,NA,NA,NA,NA,NA,NA,NA,NA,NA,7.0,NA,NA,NA,NA,NA,0.0,6.0,NA,14.0,NA,NA,14.0,NA,0.0,6.0,NA,7.0
Robert Refsnyder_NYY,NA,NA,NA,NA,NA,NA,NA,NA,NA,NA,NA,NA,NA,NA,NA,NA,NA,NA,NA,NA,NA,NA,NA,NA,NA,NA,NA,NA,NA,NA,NA,NA,NA,NA,NA,0.0,NA,NA,NA,NA,NA,NA,NA,NA,NA,NA,NA,NA,NA,NA,NA,NA,NA
Deven Marrero_BOS,NA,NA,NA,NA,NA,NA,NA,NA,NA,NA,NA,NA,NA,NA,NA,NA,NA,NA,NA,NA,NA,NA,NA,NA,NA,NA,NA,NA,NA,NA,NA,NA,NA,NA,NA,0.0,NA,NA,NA,NA,NA,11.0,7.0,NA,5.0,0.0,0.0,2.0,2.0,7.0,NA,9.0,10.0
Francisco Pena_BAL,NA,NA,NA,NA,NA,NA,NA,NA,NA,NA,NA,NA,NA,NA,NA,NA,NA,NA,NA,NA,NA,NA,NA,NA,NA,NA,NA,NA,NA,NA,NA,NA,NA,NA,NA,8.0,NA,NA,NA,NA,NA,28.0,NA,NA,NA,NA,NA,NA,NA,NA,NA,NA,NA
Pete Kozma_TEX,NA,NA,NA,NA,NA,NA,NA,NA,NA,NA,NA,NA,NA,NA,NA,NA,NA,NA,NA,NA,NA,NA,NA,NA,NA,NA,NA,NA,NA,NA,NA,NA,NA,NA,NA,4.0,NA,NA,NA,0.0,NA,NA,NA,NA,NA,NA,NA,NA,NA,17.0,NA,NA,NA
Ehire Adrianza_MIN,NA,NA,NA,NA,NA,NA,NA,NA,NA,NA,NA,NA,NA,NA,NA,NA,NA,NA,NA,NA,NA,NA,NA,NA,NA,NA,NA,NA,NA,NA,NA,NA,NA,NA,NA,2.0,NA,9.0,NA,NA,NA,NA,NA,NA,NA,NA,12.0,NA,NA,12.0,NA,NA,NA
Trevor Williams_PIT,NA,NA,NA,NA,NA,NA,NA,NA,NA,NA,NA,NA,NA,NA,NA,NA,NA,NA,NA,NA,NA,NA,NA,NA,NA,NA,NA,NA,NA,NA,NA,NA,NA,NA,NA,NA,-6.05,NA,NA,NA,NA,18.25,NA,NA,NA,NA,NA,3.15,NA,NA,NA,NA,13.05
Magneuris Sierra_STL,NA,NA,NA,NA,NA,NA,NA,NA,NA,NA,NA,NA,NA,NA,NA,NA,NA,NA,NA,NA,NA,NA,NA,NA,NA,NA,NA,NA,NA,NA,NA,NA,NA,NA,NA,NA,10.0,12.0,9.0,NA,NA,8.0,3.0,NA,NA,15.0,NA,NA,NA,NA,NA,NA,NA
Tuffy Gosewisch_SEA,NA,NA,NA,NA,NA,NA,NA,NA,NA,NA,NA,NA,NA,NA,NA,NA,NA,NA,NA,NA,NA,NA,NA,NA,NA,NA,NA,NA,NA,NA,NA,NA,NA,NA,NA,NA,NA,3.0,NA,0.0,NA,2.0,NA,0.0,NA,0.0,NA,0.0,NA,3.0,NA,NA,NA
Chris Young_KC,NA,NA,NA,NA,NA,NA,NA,NA,NA,NA,NA,NA,NA,NA,NA,NA,NA,NA,NA,NA,NA,NA,NA,NA,NA,NA,NA,NA,NA,NA,NA,NA,NA,NA,NA,NA,NA,-3.25,NA,NA,NA,NA,0.05,NA,NA,NA,NA,NA,NA,NA,NA,NA,NA
Danny Santana_ATL,NA,NA,NA,NA,NA,NA,NA,NA,NA,NA,NA,NA,NA,NA,NA,NA,NA,NA,NA,NA,NA,NA,NA,NA,NA,NA,NA,NA,NA,NA,NA,NA,NA,NA,NA,NA,NA,0.0,NA,NA,NA,NA,0.0,NA,0.0,NA,NA,NA,NA,NA,NA,NA,NA
Tommy Milone_NYM,NA,NA,NA,NA,NA,NA,NA,NA,NA,NA,NA,NA,NA,NA,NA,NA,NA,NA,NA,NA,NA,NA,NA,NA,NA,NA,NA,NA,NA,NA,NA,NA,NA,NA,NA,NA,NA,NA,12.45,NA,NA,NA,NA,NA,6.55,NA,NA,NA,NA,-9.8,NA,NA,NA
Zack Godley_ARI,NA,NA,NA,NA,NA,NA,NA,NA,NA,NA,NA,NA,NA,NA,NA,NA,NA,NA,NA,NA,NA,NA,NA,NA,NA,NA,NA,NA,NA,NA,NA,NA,NA,NA,NA,NA,NA,NA,26.75,NA,NA,NA,NA,24.0,NA,NA,NA,NA,NA,6.35,NA,NA,NA
Matt Szczur_SD,NA,NA,NA,NA,NA,NA,NA,NA,NA,NA,NA,NA,NA,NA,NA,NA,NA,NA,NA,NA,NA,NA,NA,NA,NA,NA,NA,NA,NA,NA,NA,NA,NA,NA,NA,NA,NA,NA,13.0,5.0,14.0,2.0,0.0,NA,9.0,NA,NA,NA,2.0,NA,NA,NA,NA
Tommy La Stella_CHC,NA,NA,NA,NA,NA,NA,NA,NA,NA,NA,NA,NA,NA,NA,NA,NA,NA,NA,NA,NA,NA,NA,NA,NA,NA,NA,NA,NA,NA,NA,NA,NA,NA,NA,NA,NA,NA,NA,3.0,NA,NA,3.0,5.0,NA,NA,NA,NA,NA,NA,NA,NA,NA,NA
Justin Ruggiano_SF,NA,NA,NA,NA,NA,NA,NA,NA,NA,NA,NA,NA,NA,NA,NA,NA,NA,NA,NA,NA,NA,NA,NA,NA,NA,NA,NA,NA,NA,NA,NA,NA,NA,NA,NA,NA,NA,NA,8.0,NA,6.0,14.0,0.0,NA,8.0,3.0,NA,NA,NA,NA,21.0,3.0,NA
Max Moroff_PIT,NA,NA,NA,NA,NA,NA,NA,NA,NA,NA,NA,NA,NA,NA,NA,NA,NA,NA,NA,NA,NA,NA,NA,NA,NA,NA,NA,NA,NA,NA,NA,NA,NA,NA,NA,NA,NA,NA,0.0,NA,NA,NA,NA,NA,NA,NA,NA,NA,NA,NA,NA,NA,NA
Christian Bergman_SEA,NA,NA,NA,NA,NA,NA,NA,NA,NA,NA,NA,NA,NA,NA,NA,NA,NA,NA,NA,NA,NA,NA,NA,NA,NA,NA,NA,NA,NA,NA,NA,NA,NA,NA,NA,NA,NA,NA,NA,NA,2.45,NA,NA,NA,NA,36.1,NA,NA,NA,NA,NA,-20.6,NA
Eddie Butler_CHC,NA,NA,NA,NA,NA,NA,NA,NA,NA,NA,NA,NA,NA,NA,NA,NA,NA,NA,NA,NA,NA,NA,NA,NA,NA,NA,NA,NA,NA,NA,NA,NA,NA,NA,NA,NA,NA,NA,NA,NA,24.5,NA,NA,NA,NA,NA,NA,3.95,NA,NA,NA,NA,NA
J.D. Martinez_DET,NA,NA,NA,NA,NA,NA,NA,NA,NA,NA,NA,NA,NA,NA,NA,NA,NA,NA,NA,NA,NA,NA,NA,NA,NA,NA,NA,NA,NA,NA,NA,NA,NA,NA,NA,NA,NA,NA,NA,NA,3.0,33.0,2.0,NA,42.0,7.0,26.0,6.0,20.0,0.0,0.0,5.0,NA
Jeimer Candelario_CHC,NA,NA,NA,NA,NA,NA,NA,NA,NA,NA,NA,NA,NA,NA,NA,NA,NA,NA,NA,NA,NA,NA,NA,NA,NA,NA,NA,NA,NA,NA,NA,NA,NA,NA,NA,NA,NA,NA,NA,NA,0.0,0.0,NA,NA,10.0,NA,NA,NA,NA,NA,NA,NA,NA
Steve Lombardozzi_MIA,NA,NA,NA,NA,NA,NA,NA,NA,NA,NA,NA,NA,NA,NA,NA,NA,NA,NA,NA,NA,NA,NA,NA,NA,NA,NA,NA,NA,NA,NA,NA,NA,NA,NA,NA,NA,NA,NA,NA,NA,0.0,NA,NA,NA,NA,NA,NA,NA,NA,NA,NA,NA,NA
Jose Berrios_MIN,NA,NA,NA,NA,NA,NA,NA,NA,NA,NA,NA,NA,NA,NA,NA,NA,NA,NA,NA,NA,NA,NA,NA,NA,NA,NA,NA,NA,NA,NA,NA,NA,NA,NA,NA,NA,NA,NA,NA,NA,NA,24.85,NA,NA,NA,NA,40.25,NA,NA,NA,NA,NA,22.65
Lisalverto Bonilla_CIN,NA,NA,NA,NA,NA,NA,NA,NA,NA,NA,NA,NA,NA,NA,NA,NA,NA,NA,NA,NA,NA,NA,NA,NA,NA,NA,NA,NA,NA,NA,NA,NA,NA,NA,NA,NA,NA,NA,NA,NA,NA,17.2,NA,NA,NA,NA,NA,-1.2,NA,NA,NA,NA,3.85
Ian Happ_CHC,NA,NA,NA,NA,NA,NA,NA,NA,NA,NA,NA,NA,NA,NA,NA,NA,NA,NA,NA,NA,NA,NA,NA,NA,NA,NA,NA,NA,NA,NA,NA,NA,NA,NA,NA,NA,NA,NA,NA,NA,NA,18.0,8.0,NA,22.0,4.0,12.0,5.0,NA,14.0,NA,0.0,2.0
Justin Nicolino_MIA,NA,NA,NA,NA,NA,NA,NA,NA,NA,NA,NA,NA,NA,NA,NA,NA,NA,NA,NA,NA,NA,NA,NA,NA,NA,NA,NA,NA,NA,NA,NA,NA,NA,NA,NA,NA,NA,NA,NA,NA,NA,NA,15.5,NA,NA,NA,NA,-0.4,NA,NA,NA,NA,NA
Mike Bolsinger_TOR,NA,NA,NA,NA,NA,NA,NA,NA,NA,NA,NA,NA,NA,NA,NA,NA,NA,NA,NA,NA,NA,NA,NA,NA,NA,NA,NA,NA,NA,NA,NA,NA,NA,NA,NA,NA,NA,NA,NA,NA,NA,NA,NA,-1.3,NA,NA,NA,NA,7.4,NA,NA,NA,NA
Mac Williamson_SF,NA,NA,NA,NA,NA,NA,NA,NA,NA,NA,NA,NA,NA,NA,NA,NA,NA,NA,NA,NA,NA,NA,NA,NA,NA,NA,NA,NA,NA,NA,NA,NA,NA,NA,NA,NA,NA,NA,NA,NA,NA,NA,NA,10.0,3.0,0.0,NA,11.0,0.0,4.0,NA,NA,16.0
Eric Sogard_MIL,NA,NA,NA,NA,NA,NA,NA,NA,NA,NA,NA,NA,NA,NA,NA,NA,NA,NA,NA,NA,NA,NA,NA,NA,NA,NA,NA,NA,NA,NA,NA,NA,NA,NA,NA,NA,NA,NA,NA,NA,NA,NA,NA,18.0,20.0,4.0,22.0,11.0,NA,NA,NA,NA,2.0
Mike Ohlman_TOR,NA,NA,NA,NA,NA,NA,NA,NA,NA,NA,NA,NA,NA,NA,NA,NA,NA,NA,NA,NA,NA,NA,NA,NA,NA,NA,NA,NA,NA,NA,NA,NA,NA,NA,NA,NA,NA,NA,NA,NA,NA,NA,NA,5.0,NA,NA,NA,NA,NA,NA,NA,NA,NA
Bradley Zimmer_CLE,NA,NA,NA,NA,NA,NA,NA,NA,NA,NA,NA,NA,NA,NA,NA,NA,NA,NA,NA,NA,NA,NA,NA,NA,NA,NA,NA,NA,NA,NA,NA,NA,NA,NA,NA,NA,NA,NA,NA,NA,NA,NA,NA,NA,0.0,23.0,NA,2.0,7.0,10.0,NA,NA,8.0
Mike Aviles_MIA,NA,NA,NA,NA,NA,NA,NA,NA,NA,NA,NA,NA,NA,NA,NA,NA,NA,NA,NA,NA,NA,NA,NA,NA,NA,NA,NA,NA,NA,NA,NA,NA,NA,NA,NA,NA,NA,NA,NA,NA,NA,NA,NA,NA,2.0,NA,NA,NA,NA,NA,NA,NA,NA
Johan Camargo_ATL,NA,NA,NA,NA,NA,NA,NA,NA,NA,NA,NA,NA,NA,NA,NA,NA,NA,NA,NA,NA,NA,NA,NA,NA,NA,NA,NA,NA,NA,NA,NA,NA,NA,NA,NA,NA,NA,NA,NA,NA,NA,NA,NA,NA,NA,NA,NA,5.0,NA,NA,NA,NA,NA
Jacob Turner_WSH,NA,NA,NA,NA,NA,NA,NA,NA,NA,NA,NA,NA,NA,NA,NA,NA,NA,NA,NA,NA,NA,NA,NA,NA,NA,NA,NA,NA,NA,NA,NA,NA,NA,NA,NA,NA,NA,NA,NA,NA,NA,NA,NA,NA,NA,2.6,NA,NA,NA,NA,NA,NA,NA
Brian Goodwin_WSH,NA,NA,NA,NA,NA,NA,NA,NA,NA,NA,NA,NA,NA,NA,NA,NA,NA,NA,NA,NA,NA,NA,NA,NA,NA,NA,NA,NA,NA,NA,NA,NA,NA,NA,NA,NA,NA,NA,NA,NA,NA,NA,NA,NA,NA,7.0,0.0,NA,NA,NA,NA,NA,NA
Herschel Boog Powell_SEA,NA,NA,NA,NA,NA,NA,NA,NA,NA,NA,NA,NA,NA,NA,NA,NA,NA,NA,NA,NA,NA,NA,NA,NA,NA,NA,NA,NA,NA,NA,NA,NA,NA,NA,NA,NA,NA,NA,NA,NA,NA,NA,NA,NA,NA,7.0,2.0,NA,NA,NA,NA,NA,NA
Reymond Fuentes_ARI,NA,NA,NA,NA,NA,NA,NA,NA,NA,NA,NA,NA,NA,NA,NA,NA,NA,NA,NA,NA,NA,NA,NA,NA,NA,NA,NA,NA,NA,NA,NA,NA,NA,NA,NA,NA,NA,NA,NA,NA,NA,NA,NA,NA,NA,10.0,NA,NA,2.0,NA,0.0,10.0,NA
Hector Velazquez_BOS,NA,NA,NA,NA,NA,NA,NA,NA,NA,NA,NA,NA,NA,NA,NA,NA,NA,NA,NA,NA,NA,NA,NA,NA,NA,NA,NA,NA,NA,NA,NA,NA,NA,NA,NA,NA,NA,NA,NA,NA,NA,NA,NA,NA,NA,NA,0.65,NA,NA,NA,NA,NA,NA
Sam Gaviglio_SEA,NA,NA,NA,NA,NA,NA,NA,NA,NA,NA,NA,NA,NA,NA,NA,NA,NA,NA,NA,NA,NA,NA,NA,NA,NA,NA,NA,NA,NA,NA,NA,NA,NA,NA,NA,NA,NA,NA,NA,NA,NA,NA,NA,NA,NA,NA,NA,NA,NA,NA,NA,NA,NA
Rio Ruiz_ATL,NA,NA,NA,NA,NA,NA,NA,NA,NA,NA,NA,NA,NA,NA,NA,NA,NA,NA,NA,NA,NA,NA,NA,NA,NA,NA,NA,NA,NA,NA,NA,NA,NA,NA,NA,NA,NA,NA,NA,NA,NA,NA,NA,NA,NA,NA,0.0,NA,19.0,4.0,7.0,0.0,14.0
Christian Colon_MIA,NA,NA,NA,NA,NA,NA,NA,NA,NA,NA,NA,NA,NA,NA,NA,NA,NA,NA,NA,NA,NA,NA,NA,NA,NA,NA,NA,NA,NA,NA,NA,NA,NA,NA,NA,NA,NA,NA,NA,NA,NA,NA,NA,NA,NA,NA,0.0,5.0,NA,NA,NA,NA,NA
Jared Hoying_TEX,NA,NA,NA,NA,NA,NA,NA,NA,NA,NA,NA,NA,NA,NA,NA,NA,NA,NA,NA,NA,NA,NA,NA,NA,NA,NA,NA,NA,NA,NA,NA,NA,NA,NA,NA,NA,NA,NA,NA,NA,NA,NA,NA,NA,NA,NA,5.0,0.0,0.0,NA,NA,8.0,NA
Darrell Ceciliani_TOR,NA,NA,NA,NA,NA,NA,NA,NA,NA,NA,NA,NA,NA,NA,NA,NA,NA,NA,NA,NA,NA,NA,NA,NA,NA,NA,NA,NA,NA,NA,NA,NA,NA,NA,NA,NA,NA,NA,NA,NA,NA,NA,NA,NA,NA,NA,25.0,NA,NA,NA,NA,NA,NA
Danny Ortiz_PIT,NA,NA,NA,NA,NA,NA,NA,NA,NA,NA,NA,NA,NA,NA,NA,NA,NA,NA,NA,NA,NA,NA,NA,NA,NA,NA,NA,NA,NA,NA,NA,NA,NA,NA,NA,NA,NA,NA,NA,NA,NA,NA,NA,NA,NA,NA,NA,0.0,NA,NA,NA,NA,0.0
Paolo Espino_MIL,NA,NA,NA,NA,NA,NA,NA,NA,NA,NA,NA,NA,NA,NA,NA,NA,NA,NA,NA,NA,NA,NA,NA,NA,NA,NA,NA,NA,NA,NA,NA,NA,NA,NA,NA,NA,NA,NA,NA,NA,NA,NA,NA,NA,NA,NA,NA,8.0,NA,NA,NA,NA,NA
Jake Junis_KC,NA,NA,NA,NA,NA,NA,NA,NA,NA,NA,NA,NA,NA,NA,NA,NA,NA,NA,NA,NA,NA,NA,NA,NA,NA,NA,NA,NA,NA,NA,NA,NA,NA,NA,NA,NA,NA,NA,NA,NA,NA,NA,NA,NA,NA,NA,NA,NA,NA,9.7,NA,NA,NA
Anthony Alford_TOR,NA,NA,NA,NA,NA,NA,NA,NA,NA,NA,NA,NA,NA,NA,NA,NA,NA,NA,NA,NA,NA,NA,NA,NA,NA,NA,NA,NA,NA,NA,NA,NA,NA,NA,NA,NA,NA,NA,NA,NA,NA,NA,NA,NA,NA,NA,NA,NA,NA,0.0,NA,NA,NA
Erik Gonzalez_CLE,NA,NA,NA,NA,NA,NA,NA,NA,NA,NA,NA,NA,NA,NA,NA,NA,NA,NA,NA,NA,NA,NA,NA,NA,NA,NA,NA,NA,NA,NA,NA,NA,NA,NA,NA,NA,NA,NA,NA,NA,NA,NA,NA,NA,NA,NA,NA,NA,NA,0.0,NA,NA,NA
Chris Heston_SEA,NA,NA,NA,NA,NA,NA,NA,NA,NA,NA,NA,NA,NA,NA,NA,NA,NA,NA,NA,NA,NA,NA,NA,NA,NA,NA,NA,NA,NA,NA,NA,NA,NA,NA,NA,NA,NA,NA,NA,NA,NA,NA,NA,NA,NA,NA,NA,NA,NA,-9.85,NA,NA,NA
Jeff Hoffman_COL,NA,NA,NA,NA,NA,NA,NA,NA,NA,NA,NA,NA,NA,NA,NA,NA,NA,NA,NA,NA,NA,NA,NA,NA,NA,NA,NA,NA,NA,NA,NA,NA,NA,NA,NA,NA,NA,NA,NA,NA,NA,NA,NA,NA,NA,NA,NA,NA,NA,NA,29.95,NA,NA
Brad Peacock_HOU,NA,NA,NA,NA,NA,NA,NA,NA,NA,NA,NA,NA,NA,NA,NA,NA,NA,NA,NA,NA,NA,NA,NA,NA,NA,NA,NA,NA,NA,NA,NA,NA,NA,NA,NA,NA,NA,NA,NA,NA,NA,NA,NA,NA,NA,NA,NA,NA,NA,NA,23.95,NA,NA
Matt Adams_ATL,NA,NA,NA,NA,NA,NA,NA,NA,NA,NA,NA,NA,NA,NA,NA,NA,NA,NA,NA,NA,NA,NA,NA,NA,NA,NA,NA,NA,NA,NA,NA,NA,NA,NA,NA,NA,NA,NA,NA,NA,NA,NA,NA,NA,NA,NA,NA,NA,NA,NA,19.0,26.0,8.0
Michael Martinez_TB,NA,NA,NA,NA,NA,NA,NA,NA,NA,NA,NA,NA,NA,NA,NA,NA,NA,NA,NA,NA,NA,NA,NA,NA,NA,NA,NA,NA,NA,NA,NA,NA,NA,NA,NA,NA,NA,NA,NA,NA,NA,NA,NA,NA,NA,NA,NA,NA,NA,NA,2.0,NA,NA
Daniel Robertson_CLE,NA,NA,NA,NA,NA,NA,NA,NA,NA,NA,NA,NA,NA,NA,NA,NA,NA,NA,NA,NA,NA,NA,NA,NA,NA,NA,NA,NA,NA,NA,NA,NA,NA,NA,NA,NA,NA,NA,NA,NA,NA,NA,NA,NA,NA,NA,NA,NA,NA,NA,NA,10.0,5.0
Ty Kelly_PHI,NA,NA,NA,NA,NA,NA,NA,NA,NA,NA,NA,NA,NA,NA,NA,NA,NA,NA,NA,NA,NA,NA,NA,NA,NA,NA,NA,NA,NA,NA,NA,NA,NA,NA,NA,NA,NA,NA,NA,NA,NA,NA,NA,NA,NA,NA,NA,NA,NA,NA,NA,0.0,NA
Juan Centeno_HOU,NA,NA,NA,NA,NA,NA,NA,NA,NA,NA,NA,NA,NA,NA,NA,NA,NA,NA,NA,NA,NA,NA,NA,NA,NA,NA,NA,NA,NA,NA,NA,NA,NA,NA,NA,NA,NA,NA,NA,NA,NA,NA,NA,NA,NA,NA,NA,NA,NA,NA,NA,21.0,NA
Randall Delgado_ARI,NA,NA,NA,NA,NA,NA,NA,NA,NA,NA,NA,NA,NA,NA,NA,NA,NA,NA,NA,NA,NA,NA,NA,NA,NA,NA,NA,NA,NA,NA,NA,NA,NA,NA,NA,NA,NA,NA,NA,NA,NA,NA,NA,NA,NA,NA,NA,NA,NA,NA,NA,NA,10.6
Nolan Fontana_LAA,NA,NA,NA,NA,NA,NA,NA,NA,NA,NA,NA,NA,NA,NA,NA,NA,NA,NA,NA,NA,NA,NA,NA,NA,NA,NA,NA,NA,NA,NA,NA,NA,NA,NA,NA,NA,NA,NA,NA,NA,NA,NA,NA,NA,NA,NA,NA,NA,NA,NA,NA,NA,0.0
