QB,RB,RB,WR,WR,WR,TE,FLEX,DST
Carson Palmer (7809613),Jay Ajayi (7809718),Spencer Ware (7809751),Odell Beckham Jr. (7809820),Tyler Boyd (7809802),John Brown (7809808),Greg Olsen (7809977),Rashad Jennings (7809697),Saints  (7810343)
Carson Palmer (7809613),Jay Ajayi (7809718),Melvin Gordon (7809728),Odell Beckham Jr. (7809820),Larry Fitzgerald (7809804),Jermaine Kearse (7809863),Lance Kendricks (7809946),Rashad Jennings (7809697),Chargers  (7810347)
Russell Wilson (7809640),Jay Ajayi (7809718),Rashad Jennings (7809697),Odell Beckham Jr. (7809820),Corey Coleman (7809824),Jermaine Kearse (7809863),Greg Olsen (7809977),Carlos Hyde (7809717),Patriots  (7810354)
Andy Dalton (7809609),Jay Ajayi (7809718),Rashad Jennings (7809697),Odell Beckham Jr. (7809820),Larry Fitzgerald (7809804),Tyler Boyd (7809802),Travis Kelce (7809984),Isaiah Crowell (7809701),Patriots  (7810354)
Carson Palmer (7809613),Jay Ajayi (7809718),Carlos Hyde (7809717),Odell Beckham Jr. (7809820),Larry Fitzgerald (7809804),Corey Coleman (7809824),Tyler Eifert (7809925),Isaiah Crowell (7809701),Saints  (7810343)
Carson Palmer (7809613),DeMarco Murray (7809662),Jay Ajayi (7809718),Odell Beckham Jr. (7809820),Michael Floyd (7809807),Corey Coleman (7809824),Travis Kelce (7809984),Rashad Jennings (7809697),Rams  (7810342)
Carson Palmer (7809613),Jay Ajayi (7809718),Spencer Ware (7809751),Odell Beckham Jr. (7809820),Mike Evans (7809868),Michael Floyd (7809807),Lance Kendricks (7809946),Isaiah Crowell (7809701),Patriots  (7810354)
Derek Carr (7809649),Jay Ajayi (7809718),Rashad Jennings (7809697),Odell Beckham Jr. (7809820),Amari Cooper (7809878),Michael Floyd (7809807),Cameron Brate (7809974),Isaiah Crowell (7809701),Saints  (7810343)
Carson Palmer (7809613),Jay Ajayi (7809718),Rashad Jennings (7809697),Odell Beckham Jr. (7809820),Mike Evans (7809868),J.J. Nelson (7809811),Cameron Brate (7809974),Carlos Hyde (7809717),Ravens  (7810337)
Cam Newton (7809647),Jay Ajayi (7809718),Melvin Gordon (7809728),Odell Beckham Jr. (7809820),Corey Coleman (7809824),Ted Ginn Jr. (7809872),Dennis Pitta (7809923),Rashad Jennings (7809697),Saints  (7810343)
Carson Palmer (7809613),Jay Ajayi (7809718),Spencer Ware (7809751),Odell Beckham Jr. (7809820),Larry Fitzgerald (7809804),Brandon Marshall (7809894),Cameron Brate (7809974),Duke Johnson Jr. (7809704),Rams  (7810342)
Brock Osweiler (7809638),Jay Ajayi (7809718),Spencer Ware (7809751),Odell Beckham Jr. (7809820),DeAndre Hopkins (7809855),Corey Coleman (7809824),Lance Kendricks (7809946),Rashad Jennings (7809697),Dolphins  (7810344)
Colin Kaepernick (7809631),Jay Ajayi (7809718),Spencer Ware (7809751),Odell Beckham Jr. (7809820),Larry Fitzgerald (7809804),Quinton Patton (7809844),Dennis Pitta (7809923),Rashad Jennings (7809697),Cardinals  (7810339)
Blake Bortles (7809605),Jay Ajayi (7809718),Rashad Jennings (7809697),Odell Beckham Jr. (7809820),Brandon Marshall (7809894),Allen Hurns (7809783),Greg Olsen (7809977),Isaiah Crowell (7809701),Chargers  (7810347)
Derek Carr (7809649),Jay Ajayi (7809718),Rashad Jennings (7809697),Odell Beckham Jr. (7809820),Larry Fitzgerald (7809804),Marquise Goodwin (7809782),Greg Olsen (7809977),Seth Roberts (7809880),Rams  (7810342)
Russell Wilson (7809640),Jay Ajayi (7809718),Spencer Ware (7809751),Odell Beckham Jr. (7809820),Larry Fitzgerald (7809804),Allen Hurns (7809783),Travis Kelce (7809984),Jermaine Kearse (7809863),Saints  (7810343)
Eli Manning (7809618),Jay Ajayi (7809718),Rashad Jennings (7809697),Odell Beckham Jr. (7809820),Brandon Marshall (7809894),Eddie Royal (7809768),Travis Kelce (7809984),Carlos Hyde (7809717),Saints  (7810343)
Josh McCown (7809617),Jay Ajayi (7809718),Melvin Gordon (7809728),Odell Beckham Jr. (7809820),Terrelle Pryor Sr. (7809819),Tyler Boyd (7809802),Cameron Brate (7809974),Rashad Jennings (7809697),Dolphins  (7810344)
Carson Palmer (7809613),Jay Ajayi (7809718),Melvin Gordon (7809728),Odell Beckham Jr. (7809820),Michael Floyd (7809807),Marquise Goodwin (7809782),Greg Olsen (7809977),Carlos Hyde (7809717),Cardinals  (7810339)
Eli Manning (7809618),Jay Ajayi (7809718),Spencer Ware (7809751),Odell Beckham Jr. (7809820),Willie Snead (7809831),Marquise Goodwin (7809782),Cameron Brate (7809974),Rashad Jennings (7809697),Patriots  (7810354)
Alex Smith (7809651),Jay Ajayi (7809718),Melvin Gordon (7809728),Odell Beckham Jr. (7809820),Tavon Austin (7809829),Chris Conley (7809889),Greg Olsen (7809977),Rashad Jennings (7809697),Falcons  (7810338)
Andy Dalton (7809609),Jay Ajayi (7809718),Melvin Gordon (7809728),Odell Beckham Jr. (7809820),Tyler Boyd (7809802),Jermaine Kearse (7809863),Tyler Eifert (7809925),Spencer Ware (7809751),Rams  (7810342)
Jameis Winston (7809644),Jay Ajayi (7809718),Rashad Jennings (7809697),Odell Beckham Jr. (7809820),Mike Evans (7809868),Jermaine Kearse (7809863),Tyler Eifert (7809925),Duke Johnson Jr. (7809704),Saints  (7810343)
Carson Palmer (7809613),Jay Ajayi (7809718),Jeremy Hill (7809685),Odell Beckham Jr. (7809820),Larry Fitzgerald (7809804),Mohamed Sanu (7809809),Greg Olsen (7809977),Allen Hurns (7809783),Patriots  (7810354)
Derek Carr (7809649),Jay Ajayi (7809718),Rashad Jennings (7809697),Odell Beckham Jr. (7809820),Michael Crabtree (7809873),Tyler Boyd (7809802),Lance Kendricks (7809946),Carlos Hyde (7809717),Giants  (7810341)
Carson Palmer (7809613),Jay Ajayi (7809718),Melvin Gordon (7809728),Odell Beckham Jr. (7809820),Brandon Marshall (7809894),John Brown (7809808),Travis Kelce (7809984),Isaiah Crowell (7809701),Dolphins  (7810344)
Alex Smith (7809651),Jay Ajayi (7809718),Rashad Jennings (7809697),Odell Beckham Jr. (7809820),Larry Fitzgerald (7809804),Terrelle Pryor Sr. (7809819),Charles Clay (7809916),Tyreek Hill (7809893),Saints  (7810343)
Andy Dalton (7809609),Jay Ajayi (7809718),Spencer Ware (7809751),Odell Beckham Jr. (7809820),Brandon Marshall (7809894),Brandon LaFell (7809793),Charles Clay (7809916),Rashad Jennings (7809697),Falcons  (7810338)
Eli Manning (7809618),Jay Ajayi (7809718),Rashad Jennings (7809697),Odell Beckham Jr. (7809820),Corey Coleman (7809824),Tyler Boyd (7809802),Tyler Eifert (7809925),Doug Martin (7809731),Chargers  (7810347)
Carson Palmer (7809613),Jay Ajayi (7809718),Kenneth Dixon (7809686),Odell Beckham Jr. (7809820),Mike Evans (7809868),Larry Fitzgerald (7809804),Charles Clay (7809916),Tyler Boyd (7809802),Dolphins  (7810344)
Eli Manning (7809618),Jay Ajayi (7809718),Rashad Jennings (7809697),Odell Beckham Jr. (7809820),Michael Floyd (7809807),Mohamed Sanu (7809809),Greg Olsen (7809977),Duke Johnson Jr. (7809704),Dolphins  (7810344)
Russell Wilson (7809640),Jay Ajayi (7809718),Rashad Jennings (7809697),Odell Beckham Jr. (7809820),Doug Baldwin (7809862),Terrelle Pryor Sr. (7809819),Lance Kendricks (7809946),Isaiah Crowell (7809701),Rams  (7810342)
Eli Manning (7809618),Jay Ajayi (7809718),Melvin Gordon (7809728),Odell Beckham Jr. (7809820),Brandon LaFell (7809793),Jermaine Kearse (7809863),Greg Olsen (7809977),Isaiah Crowell (7809701),Saints  (7810343)
Russell Wilson (7809640),Jay Ajayi (7809718),Rashad Jennings (7809697),Odell Beckham Jr. (7809820),Mike Evans (7809868),Tyler Boyd (7809802),Dennis Pitta (7809923),Tyler Lockett (7809871),Falcons  (7810338)
Carson Palmer (7809613),Jay Ajayi (7809718),Spencer Ware (7809751),Larry Fitzgerald (7809804),Willie Snead (7809831),Michael Floyd (7809807),Tyler Eifert (7809925),Rashad Jennings (7809697),Dolphins  (7810344)
Carson Palmer (7809613),Jay Ajayi (7809718),Melvin Gordon (7809728),Odell Beckham Jr. (7809820),J.J. Nelson (7809811),Corey Coleman (7809824),C.J. Fiedorowicz (7809964),Spencer Ware (7809751),Chiefs  (7810353)
Josh McCown (7809617),Jay Ajayi (7809718),Spencer Ware (7809751),Odell Beckham Jr. (7809820),Terrelle Pryor Sr. (7809819),Corey Coleman (7809824),Greg Olsen (7809977),Isaiah Crowell (7809701),Falcons  (7810338)
Colin Kaepernick (7809631),Jay Ajayi (7809718),Carlos Hyde (7809717),Odell Beckham Jr. (7809820),Larry Fitzgerald (7809804),Tyler Boyd (7809802),Greg Olsen (7809977),Jeremy Kerley (7809840),Chargers  (7810347)
Carson Palmer (7809613),Jay Ajayi (7809718),Rashad Jennings (7809697),Larry Fitzgerald (7809804),Brandon Marshall (7809894),Tavon Austin (7809829),Greg Olsen (7809977),Carlos Hyde (7809717),Giants  (7810341)
Cam Newton (7809647),Jay Ajayi (7809718),Spencer Ware (7809751),Odell Beckham Jr. (7809820),Ted Ginn Jr. (7809872),Eddie Royal (7809768),Greg Olsen (7809977),Carlos Hyde (7809717),Rams  (7810342)
Carson Palmer (7809613),Jay Ajayi (7809718),LeSean McCoy (7809674),Odell Beckham Jr. (7809820),Terrelle Pryor Sr. (7809819),J.J. Nelson (7809811),Greg Olsen (7809977),Jermaine Kearse (7809863),Rams  (7810342)
Colin Kaepernick (7809631),Jay Ajayi (7809718),Melvin Gordon (7809728),Odell Beckham Jr. (7809820),Brandon Marshall (7809894),Jeremy Kerley (7809840),C.J. Fiedorowicz (7809964),Rashad Jennings (7809697),Rams  (7810342)
Carson Palmer (7809613),Spencer Ware (7809751),Rashad Jennings (7809697),Odell Beckham Jr. (7809820),Larry Fitzgerald (7809804),Terrelle Pryor Sr. (7809819),C.J. Fiedorowicz (7809964),Carlos Hyde (7809717),Patriots  (7810354)
Derek Carr (7809649),Jay Ajayi (7809718),Spencer Ware (7809751),Odell Beckham Jr. (7809820),Amari Cooper (7809878),Tyler Boyd (7809802),Charles Clay (7809916),Duke Johnson Jr. (7809704),Patriots  (7810354)
Josh McCown (7809617),Jay Ajayi (7809718),Rashad Jennings (7809697),Odell Beckham Jr. (7809820),Larry Fitzgerald (7809804),Willie Snead (7809831),C.J. Fiedorowicz (7809964),Corey Coleman (7809824),Ravens  (7810337)
Jared Goff (7809629),Jay Ajayi (7809718),Spencer Ware (7809751),Odell Beckham Jr. (7809820),Terrelle Pryor Sr. (7809819),Tavon Austin (7809829),Travis Kelce (7809984),Rashad Jennings (7809697),Chargers  (7810347)
Andy Dalton (7809609),DeMarco Murray (7809662),Jay Ajayi (7809718),Odell Beckham Jr. (7809820),Brandon Marshall (7809894),Corey Coleman (7809824),Cameron Brate (7809974),Tyler Boyd (7809802),Saints  (7810343)
Carson Palmer (7809613),DeMarco Murray (7809662),Jay Ajayi (7809718),Odell Beckham Jr. (7809820),Willie Snead (7809831),John Brown (7809808),Dennis Pitta (7809923),Carlos Hyde (7809717),Patriots  (7810354)
Eli Manning (7809618),Jay Ajayi (7809718),Spencer Ware (7809751),Odell Beckham Jr. (7809820),Larry Fitzgerald (7809804),Tyler Boyd (7809802),Lance Kendricks (7809946),Eddie Royal (7809768),Chiefs  (7810353)
Carson Palmer (7809613),Jay Ajayi (7809718),LeSean McCoy (7809674),Odell Beckham Jr. (7809820),Julian Edelman (7809897),Michael Floyd (7809807),Cameron Brate (7809974),Tyler Boyd (7809802),Chargers  (7810347)
Brock Osweiler (7809638),Jay Ajayi (7809718),Melvin Gordon (7809728),Odell Beckham Jr. (7809820),DeAndre Hopkins (7809855),Michael Floyd (7809807),Travis Kelce (7809984),Tyler Boyd (7809802),Saints  (7810343)
Derek Carr (7809649),Jay Ajayi (7809718),Spencer Ware (7809751),Odell Beckham Jr. (7809820),Mike Evans (7809868),Seth Roberts (7809880),Dennis Pitta (7809923),Carlos Hyde (7809717),Saints  (7810343)
Ryan Tannehill (7809633),Jay Ajayi (7809718),Spencer Ware (7809751),Odell Beckham Jr. (7809820),DeVante Parker (7809845),Jermaine Kearse (7809863),Delanie Walker (7809906),Rashad Jennings (7809697),Bills  (7810334)
Cam Newton (7809647),Jay Ajayi (7809718),Spencer Ware (7809751),Odell Beckham Jr. (7809820),Michael Floyd (7809807),Devin Funchess (7809879),Antonio Gates (7809961),Rashad Jennings (7809697),Ravens  (7810337)
Tom Brady (7809657),Jay Ajayi (7809718),Rashad Jennings (7809697),Odell Beckham Jr. (7809820),Julian Edelman (7809897),Jermaine Kearse (7809863),Dennis Pitta (7809923),Isaiah Crowell (7809701),Dolphins  (7810344)
Eli Manning (7809618),Jay Ajayi (7809718),Rashad Jennings (7809697),Odell Beckham Jr. (7809820),Mike Evans (7809868),Tavon Austin (7809829),Charles Clay (7809916),Isaiah Crowell (7809701),Chiefs  (7810353)
Carson Palmer (7809613),Rashad Jennings (7809697),Isaiah Crowell (7809701),Odell Beckham Jr. (7809820),Mike Evans (7809868),Larry Fitzgerald (7809804),Greg Olsen (7809977),Duke Johnson Jr. (7809704),Jets  (7810355)
Carson Palmer (7809613),Jay Ajayi (7809718),LeSean McCoy (7809674),Mike Evans (7809868),Larry Fitzgerald (7809804),Marquise Goodwin (7809782),Dennis Pitta (7809923),Rashad Jennings (7809697),Saints  (7810343)
Carson Palmer (7809613),David Johnson (7809693),Jay Ajayi (7809718),Odell Beckham Jr. (7809820),Brandon Marshall (7809894),Michael Floyd (7809807),Dennis Pitta (7809923),Jermaine Kearse (7809863),Saints  (7810343)
Carson Palmer (7809613),Jay Ajayi (7809718),Doug Martin (7809731),Odell Beckham Jr. (7809820),Larry Fitzgerald (7809804),Terrelle Pryor Sr. (7809819),Travis Kelce (7809984),Marquise Goodwin (7809782),Ravens  (7810337)
Jameis Winston (7809644),Jay Ajayi (7809718),Rashad Jennings (7809697),Odell Beckham Jr. (7809820),Terrelle Pryor Sr. (7809819),Willie Snead (7809831),Greg Olsen (7809977),Adam Humphries (7809869),Buccaneers  (7810349)
Jameis Winston (7809644),Jay Ajayi (7809718),Spencer Ware (7809751),Odell Beckham Jr. (7809820),Mike Evans (7809868),Corey Coleman (7809824),Travis Kelce (7809984),Tyler Boyd (7809802),Buccaneers  (7810349)
Ryan Tannehill (7809633),Jay Ajayi (7809718),LeSean McCoy (7809674),Odell Beckham Jr. (7809820),Jarvis Landry (7809843),Tyler Boyd (7809802),Charles Clay (7809916),Rashad Jennings (7809697),Rams  (7810342)
Colin Kaepernick (7809631),Jay Ajayi (7809718),LeSean McCoy (7809674),Odell Beckham Jr. (7809820),Michael Floyd (7809807),Corey Coleman (7809824),Greg Olsen (7809977),Quinton Patton (7809844),Saints  (7810343)
Alex Smith (7809651),DeMarco Murray (7809662),Jay Ajayi (7809718),Odell Beckham Jr. (7809820),Tyreek Hill (7809893),Tyler Boyd (7809802),Greg Olsen (7809977),Isaiah Crowell (7809701),Rams  (7810342)
Russell Wilson (7809640),Jay Ajayi (7809718),Spencer Ware (7809751),Odell Beckham Jr. (7809820),Doug Baldwin (7809862),Tyler Boyd (7809802),Cameron Brate (7809974),Carlos Hyde (7809717),Jets  (7810355)
Andy Dalton (7809609),Jay Ajayi (7809718),Melvin Gordon (7809728),Mike Evans (7809868),Michael Floyd (7809807),Tyler Boyd (7809802),Greg Olsen (7809977),Rashad Jennings (7809697),Chargers  (7810347)
Drew Brees (7809625),Jay Ajayi (7809718),Spencer Ware (7809751),Odell Beckham Jr. (7809820),Willie Snead (7809831),Jermaine Kearse (7809863),Greg Olsen (7809977),Duke Johnson Jr. (7809704),Chargers  (7810347)
Andy Dalton (7809609),Jay Ajayi (7809718),LeSean McCoy (7809674),Odell Beckham Jr. (7809820),Tavon Austin (7809829),Tyler Boyd (7809802),Greg Olsen (7809977),Marquise Goodwin (7809782),Dolphins  (7810344)
Matt Barkley (7809600),Jay Ajayi (7809718),Spencer Ware (7809751),Odell Beckham Jr. (7809820),Allen Hurns (7809783),Eddie Royal (7809768),Tyler Eifert (7809925),Rashad Jennings (7809697),Giants  (7810341)
Drew Brees (7809625),Jay Ajayi (7809718),Rashad Jennings (7809697),Odell Beckham Jr. (7809820),Willie Snead (7809831),Quinton Patton (7809844),Tyler Eifert (7809925),Isaiah Crowell (7809701),Falcons  (7810338)
Ryan Tannehill (7809633),Jay Ajayi (7809718),Spencer Ware (7809751),Odell Beckham Jr. (7809820),Brandon Marshall (7809894),Jarvis Landry (7809843),C.J. Fiedorowicz (7809964),Isaiah Crowell (7809701),Saints  (7810343)
Carson Palmer (7809613),Jay Ajayi (7809718),Melvin Gordon (7809728),Larry Fitzgerald (7809804),Terrelle Pryor Sr. (7809819),Tyler Boyd (7809802),Greg Olsen (7809977),Isaiah Crowell (7809701),Bills  (7810334)
Russell Wilson (7809640),Jay Ajayi (7809718),Melvin Gordon (7809728),Larry Fitzgerald (7809804),Eddie Royal (7809768),Tyler Lockett (7809871),Greg Olsen (7809977),Rashad Jennings (7809697),Saints  (7810343)
Eli Manning (7809618),Jay Ajayi (7809718),LeSean McCoy (7809674),Odell Beckham Jr. (7809820),John Brown (7809808),Allen Hurns (7809783),Lance Kendricks (7809946),Rashad Jennings (7809697),Ravens  (7810337)
Cam Newton (7809647),Jay Ajayi (7809718),Rashad Jennings (7809697),Odell Beckham Jr. (7809820),Larry Fitzgerald (7809804),Corey Brown (7809876),Cameron Brate (7809974),Doug Martin (7809731),Chiefs  (7810353)
Carson Palmer (7809613),DeMarco Murray (7809662),Jay Ajayi (7809718),Larry Fitzgerald (7809804),Corey Coleman (7809824),Jermaine Kearse (7809863),Greg Olsen (7809977),Spencer Ware (7809751),Ravens  (7810337)
Carson Palmer (7809613),DeMarco Murray (7809662),Rashad Jennings (7809697),Odell Beckham Jr. (7809820),Larry Fitzgerald (7809804),Willie Snead (7809831),Cameron Brate (7809974),Mohamed Sanu (7809809),Saints  (7810343)
Carson Palmer (7809613),Melvin Gordon (7809728),Rashad Jennings (7809697),Odell Beckham Jr. (7809820),Terrelle Pryor Sr. (7809819),Michael Floyd (7809807),Tyler Eifert (7809925),Doug Martin (7809731),Saints  (7810343)
Carson Palmer (7809613),LeSean McCoy (7809674),Rashad Jennings (7809697),Odell Beckham Jr. (7809820),Willie Snead (7809831),Michael Floyd (7809807),Greg Olsen (7809977),Tavon Austin (7809829),Patriots  (7810354)
Brock Osweiler (7809638),Rashad Jennings (7809697),Carlos Hyde (7809717),Odell Beckham Jr. (7809820),Larry Fitzgerald (7809804),DeAndre Hopkins (7809855),Greg Olsen (7809977),Kenneth Dixon (7809686),Saints  (7810343)
Carson Palmer (7809613),Spencer Ware (7809751),Rashad Jennings (7809697),Odell Beckham Jr. (7809820),Amari Cooper (7809878),J.J. Nelson (7809811),Tyler Eifert (7809925),Isaiah Crowell (7809701),Chargers  (7810347)
Carson Palmer (7809613),Melvin Gordon (7809728),Spencer Ware (7809751),Amari Cooper (7809878),Larry Fitzgerald (7809804),Corey Coleman (7809824),Travis Kelce (7809984),Rashad Jennings (7809697),Saints  (7810343)
Carson Palmer (7809613),DeMarco Murray (7809662),Spencer Ware (7809751),Mike Evans (7809868),Larry Fitzgerald (7809804),Tyler Boyd (7809802),Lance Kendricks (7809946),Rashad Jennings (7809697),Bills  (7810334)
Cam Newton (7809647),Melvin Gordon (7809728),Spencer Ware (7809751),Larry Fitzgerald (7809804),Tyler Boyd (7809802),Ted Ginn Jr. (7809872),Greg Olsen (7809977),Rashad Jennings (7809697),Patriots  (7810354)
Carson Palmer (7809613),Melvin Gordon (7809728),Spencer Ware (7809751),Mike Evans (7809868),Brandon Marshall (7809894),J.J. Nelson (7809811),Greg Olsen (7809977),Rashad Jennings (7809697),Rams  (7810342)
Derek Carr (7809649),Spencer Ware (7809751),Rashad Jennings (7809697),Larry Fitzgerald (7809804),Michael Crabtree (7809873),Brandon Marshall (7809894),Greg Olsen (7809977),Isaiah Crowell (7809701),Saints  (7810343)
Carson Palmer (7809613),LeSean McCoy (7809674),Rashad Jennings (7809697),Amari Cooper (7809878),Larry Fitzgerald (7809804),Tyler Boyd (7809802),Greg Olsen (7809977),Doug Martin (7809731),Rams  (7810342)
Russell Wilson (7809640),LeSean McCoy (7809674),Spencer Ware (7809751),Mike Evans (7809868),Willie Snead (7809831),Jermaine Kearse (7809863),Greg Olsen (7809977),Rashad Jennings (7809697),Saints  (7810343)
Carson Palmer (7809613),DeMarco Murray (7809662),Melvin Gordon (7809728),Larry Fitzgerald (7809804),Michael Floyd (7809807),John Brown (7809808),Greg Olsen (7809977),Rashad Jennings (7809697),Chiefs  (7810353)
Derek Carr (7809649),DeMarco Murray (7809662),Melvin Gordon (7809728),Amari Cooper (7809878),Tyler Boyd (7809802),Jermaine Kearse (7809863),Greg Olsen (7809977),Rashad Jennings (7809697),Saints  (7810343)
Carson Palmer (7809613),Spencer Ware (7809751),Rashad Jennings (7809697),Larry Fitzgerald (7809804),Julian Edelman (7809897),Doug Baldwin (7809862),Greg Olsen (7809977),Mohamed Sanu (7809809),Chargers  (7810347)
Andy Dalton (7809609),Spencer Ware (7809751),Rashad Jennings (7809697),Julio Jones (7809806),Larry Fitzgerald (7809804),Tyler Boyd (7809802),Tyler Eifert (7809925),Carlos Hyde (7809717),Saints  (7810343)
Carson Palmer (7809613),Melvin Gordon (7809728),Carlos Hyde (7809717),Mike Evans (7809868),Larry Fitzgerald (7809804),Julian Edelman (7809897),Greg Olsen (7809977),Jermaine Kearse (7809863),Saints  (7810343)
Carson Palmer (7809613),Spencer Ware (7809751),Rashad Jennings (7809697),Amari Cooper (7809878),DeAndre Hopkins (7809855),Michael Floyd (7809807),Greg Olsen (7809977),Carlos Hyde (7809717),Bills  (7810334)
Carson Palmer (7809613),Melvin Gordon (7809728),Rashad Jennings (7809697),Larry Fitzgerald (7809804),Julian Edelman (7809897),Brandon Marshall (7809894),Tyler Eifert (7809925),Isaiah Crowell (7809701),Cardinals  (7810339)
Carson Palmer (7809613),Spencer Ware (7809751),Rashad Jennings (7809697),Julio Jones (7809806),Mike Evans (7809868),Julian Edelman (7809897),Cameron Brate (7809974),Michael Floyd (7809807),Saints  (7810343)
Carson Palmer (7809613),LeSean McCoy (7809674),Melvin Gordon (7809728),Mike Evans (7809868),Tyler Boyd (7809802),John Brown (7809808),Tyler Eifert (7809925),Rashad Jennings (7809697),Patriots  (7810354)
Derek Carr (7809649),Spencer Ware (7809751),Rashad Jennings (7809697),Amari Cooper (7809878),Mike Evans (7809868),Corey Coleman (7809824),Greg Olsen (7809977),Marquise Goodwin (7809782),Patriots  (7810354)
Carson Palmer (7809613),Melvin Gordon (7809728),Rashad Jennings (7809697),Mike Evans (7809868),Larry Fitzgerald (7809804),DeAndre Hopkins (7809855),Cameron Brate (7809974),Doug Martin (7809731),Dolphins  (7810344)
Russell Wilson (7809640),Melvin Gordon (7809728),Spencer Ware (7809751),Larry Fitzgerald (7809804),Terrelle Pryor Sr. (7809819),Jermaine Kearse (7809863),Tyler Eifert (7809925),Rashad Jennings (7809697),Chiefs  (7810353)
Derek Carr (7809649),Spencer Ware (7809751),Rashad Jennings (7809697),Amari Cooper (7809878),Larry Fitzgerald (7809804),Julian Edelman (7809897),Cameron Brate (7809974),Tyler Boyd (7809802),Dolphins  (7810344)
Carson Palmer (7809613),Spencer Ware (7809751),Rashad Jennings (7809697),Julio Jones (7809806),Larry Fitzgerald (7809804),DeAndre Hopkins (7809855),Delanie Walker (7809906),Isaiah Crowell (7809701),Rams  (7810342)
Russell Wilson (7809640),Melvin Gordon (7809728),Spencer Ware (7809751),Doug Baldwin (7809862),Brandon Marshall (7809894),Tyler Boyd (7809802),Jimmy Graham (7809969),Rashad Jennings (7809697),Saints  (7810343)
Carson Palmer (7809613),DeMarco Murray (7809662),LeSean McCoy (7809674),Larry Fitzgerald (7809804),Julian Edelman (7809897),Corey Coleman (7809824),Charles Clay (7809916),Rashad Jennings (7809697),Patriots  (7810354)
Carson Palmer (7809613),LeSean McCoy (7809674),Spencer Ware (7809751),Larry Fitzgerald (7809804),Brandon Marshall (7809894),John Brown (7809808),Jimmy Graham (7809969),Rashad Jennings (7809697),Ravens  (7810337)
Carson Palmer (7809613),DeMarco Murray (7809662),Rashad Jennings (7809697),Amari Cooper (7809878),Brandon Marshall (7809894),John Brown (7809808),Tyler Eifert (7809925),Carlos Hyde (7809717),Saints  (7810343)
Russell Wilson (7809640),Spencer Ware (7809751),Rashad Jennings (7809697),Mike Evans (7809868),Larry Fitzgerald (7809804),Doug Baldwin (7809862),Cameron Brate (7809974),Isaiah Crowell (7809701),Patriots  (7810354)
Derek Carr (7809649),Melvin Gordon (7809728),Rashad Jennings (7809697),Amari Cooper (7809878),Larry Fitzgerald (7809804),DeAndre Hopkins (7809855),Lance Kendricks (7809946),Isaiah Crowell (7809701),Patriots  (7810354)
Carson Palmer (7809613),DeMarco Murray (7809662),Melvin Gordon (7809728),Amari Cooper (7809878),Larry Fitzgerald (7809804),Tyler Boyd (7809802),Cameron Brate (7809974),Carlos Hyde (7809717),Patriots  (7810354)
Carson Palmer (7809613),LeSean McCoy (7809674),Melvin Gordon (7809728),Larry Fitzgerald (7809804),Julian Edelman (7809897),Tyler Boyd (7809802),Dennis Pitta (7809923),Spencer Ware (7809751),Chiefs  (7810353)
Carson Palmer (7809613),Spencer Ware (7809751),Jeremy Hill (7809685),Mike Evans (7809868),Larry Fitzgerald (7809804),Brandon Marshall (7809894),Tyler Eifert (7809925),Terrelle Pryor Sr. (7809819),Saints  (7810343)
Carson Palmer (7809613),LeSean McCoy (7809674),Spencer Ware (7809751),Mike Evans (7809868),Larry Fitzgerald (7809804),Willie Snead (7809831),Travis Kelce (7809984),Carlos Hyde (7809717),Chargers  (7810347)
Carson Palmer (7809613),DeMarco Murray (7809662),LeSean McCoy (7809674),Demaryius Thomas (7809885),Michael Floyd (7809807),Tyler Boyd (7809802),Tyler Eifert (7809925),Spencer Ware (7809751),Saints  (7810343)
Carson Palmer (7809613),DeMarco Murray (7809662),Melvin Gordon (7809728),Mike Evans (7809868),DeAndre Hopkins (7809855),John Brown (7809808),Dennis Pitta (7809923),Spencer Ware (7809751),Saints  (7810343)
Carson Palmer (7809613),DeMarco Murray (7809662),Melvin Gordon (7809728),Larry Fitzgerald (7809804),Brandon Marshall (7809894),Tavon Austin (7809829),C.J. Fiedorowicz (7809964),Spencer Ware (7809751),Dolphins  (7810344)
Carson Palmer (7809613),DeMarco Murray (7809662),Isaiah Crowell (7809701),Julio Jones (7809806),Larry Fitzgerald (7809804),Julian Edelman (7809897),Travis Kelce (7809984),Tyler Boyd (7809802),Saints  (7810343)
Carson Palmer (7809613),Melvin Gordon (7809728),Spencer Ware (7809751),Larry Fitzgerald (7809804),DeAndre Hopkins (7809855),Mohamed Sanu (7809809),Tyler Eifert (7809925),Carlos Hyde (7809717),Giants  (7810341)
Andy Dalton (7809609),Melvin Gordon (7809728),Spencer Ware (7809751),Mike Evans (7809868),Larry Fitzgerald (7809804),Terrelle Pryor Sr. (7809819),Travis Kelce (7809984),Tyler Boyd (7809802),Dolphins  (7810344)
Jameis Winston (7809644),Melvin Gordon (7809728),Spencer Ware (7809751),Amari Cooper (7809878),Mike Evans (7809868),Tyler Boyd (7809802),Tyler Eifert (7809925),Isaiah Crowell (7809701),Saints  (7810343)
Carson Palmer (7809613),Melvin Gordon (7809728),Spencer Ware (7809751),Julio Jones (7809806),Larry Fitzgerald (7809804),John Brown (7809808),Lance Kendricks (7809946),Devontae Booker (7809756),Patriots  (7810354)
Carson Palmer (7809613),David Johnson (7809693),Spencer Ware (7809751),Larry Fitzgerald (7809804),Rishard Matthews (7809773),Tyler Boyd (7809802),Tyler Eifert (7809925),Isaiah Crowell (7809701),Patriots  (7810354)
Carson Palmer (7809613),Melvin Gordon (7809728),Spencer Ware (7809751),Mike Evans (7809868),Larry Fitzgerald (7809804),Jarvis Landry (7809843),Antonio Gates (7809961),Isaiah Crowell (7809701),Ravens  (7810337)
Carson Palmer (7809613),DeMarco Murray (7809662),Melvin Gordon (7809728),Julian Edelman (7809897),Willie Snead (7809831),Michael Floyd (7809807),Travis Kelce (7809984),Spencer Ware (7809751),Patriots  (7810354)
Carson Palmer (7809613),LeSean McCoy (7809674),Spencer Ware (7809751),Amari Cooper (7809878),Larry Fitzgerald (7809804),Doug Baldwin (7809862),Lance Kendricks (7809946),Isaiah Crowell (7809701),Dolphins  (7810344)
Carson Palmer (7809613),LeSean McCoy (7809674),Melvin Gordon (7809728),Larry Fitzgerald (7809804),Brandon Marshall (7809894),Willie Snead (7809831),Delanie Walker (7809906),Michael Floyd (7809807),Saints  (7810343)
Colin Kaepernick (7809631),LeSean McCoy (7809674),Melvin Gordon (7809728),Mike Evans (7809868),Larry Fitzgerald (7809804),Jeremy Kerley (7809840),Cameron Brate (7809974),Spencer Ware (7809751),Saints  (7810343)
Derek Carr (7809649),Melvin Gordon (7809728),Spencer Ware (7809751),Amari Cooper (7809878),DeAndre Hopkins (7809855),Brandon Marshall (7809894),Cameron Brate (7809974),Carlos Hyde (7809717),Saints  (7810343)
Carson Palmer (7809613),DeMarco Murray (7809662),Spencer Ware (7809751),Allen Robinson (7809790),Larry Fitzgerald (7809804),Doug Baldwin (7809862),Charles Clay (7809916),Carlos Hyde (7809717),Saints  (7810343)
Carson Palmer (7809613),David Johnson (7809693),Melvin Gordon (7809728),Larry Fitzgerald (7809804),Terrelle Pryor Sr. (7809819),Michael Floyd (7809807),Cameron Brate (7809974),Spencer Ware (7809751),Chargers  (7810347)
Carson Palmer (7809613),Spencer Ware (7809751),Doug Martin (7809731),Amari Cooper (7809878),Mike Evans (7809868),Larry Fitzgerald (7809804),Delanie Walker (7809906),Jermaine Kearse (7809863),Patriots  (7810354)
Carson Palmer (7809613),DeMarco Murray (7809662),Spencer Ware (7809751),Larry Fitzgerald (7809804),Julian Edelman (7809897),John Brown (7809808),Tyler Eifert (7809925),Doug Martin (7809731),Rams  (7810342)
Carson Palmer (7809613),David Johnson (7809693),LeSean McCoy (7809674),Larry Fitzgerald (7809804),DeAndre Hopkins (7809855),Jermaine Kearse (7809863),C.J. Fiedorowicz (7809964),Spencer Ware (7809751),Saints  (7810343)
Russell Wilson (7809640),LeSean McCoy (7809674),Melvin Gordon (7809728),Julio Jones (7809806),Tyler Boyd (7809802),Jermaine Kearse (7809863),Travis Kelce (7809984),Spencer Ware (7809751),Patriots  (7810354)
Brock Osweiler (7809638),DeMarco Murray (7809662),Spencer Ware (7809751),Larry Fitzgerald (7809804),DeAndre Hopkins (7809855),Brandon Marshall (7809894),Delanie Walker (7809906),Tyler Boyd (7809802),Saints  (7810343)
Carson Palmer (7809613),Melvin Gordon (7809728),Doug Martin (7809731),Julio Jones (7809806),Larry Fitzgerald (7809804),Brandon Marshall (7809894),Travis Kelce (7809984),Carlos Hyde (7809717),Rams  (7810342)
Derek Carr (7809649),LeSean McCoy (7809674),Spencer Ware (7809751),Amari Cooper (7809878),Larry Fitzgerald (7809804),Jermaine Kearse (7809863),Tyler Eifert (7809925),Carlos Hyde (7809717),Rams  (7810342)
Andy Dalton (7809609),DeMarco Murray (7809662),Melvin Gordon (7809728),Amari Cooper (7809878),Brandon Marshall (7809894),Tyler Boyd (7809802),Lance Kendricks (7809946),Spencer Ware (7809751),Falcons  (7810338)
Carson Palmer (7809613),LeSean McCoy (7809674),Melvin Gordon (7809728),Mike Evans (7809868),Larry Fitzgerald (7809804),Terrelle Pryor Sr. (7809819),Lance Kendricks (7809946),Corey Coleman (7809824),Cardinals  (7810339)
Colin Kaepernick (7809631),DeMarco Murray (7809662),Melvin Gordon (7809728),Larry Fitzgerald (7809804),Corey Coleman (7809824),Quinton Patton (7809844),Tyler Eifert (7809925),Spencer Ware (7809751),Patriots  (7810354)
Cam Newton (7809647),Melvin Gordon (7809728),Spencer Ware (7809751),Larry Fitzgerald (7809804),Kelvin Benjamin (7809877),Terrelle Pryor Sr. (7809819),Dennis Pitta (7809923),Carlos Hyde (7809717),Saints  (7810343)
Carson Palmer (7809613),Spencer Ware (7809751),Doug Martin (7809731),Julio Jones (7809806),Larry Fitzgerald (7809804),Demaryius Thomas (7809885),Dennis Pitta (7809923),Willie Snead (7809831),Saints  (7810343)
Derek Carr (7809649),LeSean McCoy (7809674),Duke Johnson Jr. (7809704),Amari Cooper (7809878),Mike Evans (7809868),Larry Fitzgerald (7809804),Travis Kelce (7809984),Tyler Boyd (7809802),Saints  (7810343)
Blake Bortles (7809605),Melvin Gordon (7809728),Spencer Ware (7809751),Larry Fitzgerald (7809804),Julian Edelman (7809897),Willie Snead (7809831),Tyler Eifert (7809925),Allen Hurns (7809783),Saints  (7810343)
Russell Wilson (7809640),DeMarco Murray (7809662),Spencer Ware (7809751),Mike Evans (7809868),Brandon Marshall (7809894),Tyler Boyd (7809802),Tyler Eifert (7809925),Jermaine Kearse (7809863),Dolphins  (7810344)
Derek Carr (7809649),Melvin Gordon (7809728),Spencer Ware (7809751),Larry Fitzgerald (7809804),Michael Crabtree (7809873),Tyler Boyd (7809802),Tyler Eifert (7809925),Doug Martin (7809731),Chargers  (7810347)
Carson Palmer (7809613),Melvin Gordon (7809728),Jonathan Stewart (7809741),Julio Jones (7809806),Larry Fitzgerald (7809804),Corey Coleman (7809824),Tyler Eifert (7809925),Tyler Boyd (7809802),Dolphins  (7810344)
Carson Palmer (7809613),DeMarco Murray (7809662),Melvin Gordon (7809728),Mike Evans (7809868),Larry Fitzgerald (7809804),Marquise Goodwin (7809782),Tyler Eifert (7809925),Duke Johnson Jr. (7809704),Chargers  (7810347)
Carson Palmer (7809613),LeSean McCoy (7809674),Devontae Booker (7809756),Julio Jones (7809806),Larry Fitzgerald (7809804),Terrelle Pryor Sr. (7809819),Cameron Brate (7809974),Carlos Hyde (7809717),Saints  (7810343)
Cam Newton (7809647),DeMarco Murray (7809662),Melvin Gordon (7809728),Mike Evans (7809868),Brandon Marshall (7809894),Tyler Boyd (7809802),Travis Kelce (7809984),Ted Ginn Jr. (7809872),Saints  (7810343)
