"","2017-04-02","2017-04-03","2017-04-04","2017-04-05","2017-04-06","2017-04-07","2017-04-08","2017-04-09","2017-04-10","2017-04-11","2017-04-12","2017-04-13","2017-04-14","2017-04-15","2017-04-16","2017-04-17","2017-04-18","2017-04-19","2017-04-20","2017-04-21","2017-04-22","2017-04-23","2017-04-24","2017-04-25","2017-04-26","2017-04-27","2017-04-28","2017-04-29","2017-04-30","2017-05-01","2017-05-02","2017-05-03","2017-05-04"
"Bryce Harper_WAS",NA,16,NA,14,NA,NA,5,0,26,15,0,NA,NA,0,37,NA,14,46,7,25,8,10,NA,16,22,22,3,0,27,NA,11,7,4
"Paul Goldschmidt_ARI",8,NA,18,11,19,17,12,8,0,9,0,NA,4,8,8,11,10,0,5,18,11,18,NA,33,26,14,7,11,8,NA,12,5,14
"Nolan Arenado_COL",NA,12,11,3,NA,NA,19,0,6,14,4,5,0,22,14,NA,35,10,NA,0,11,7,10,7,5,14,9,7,0,NA,8,11,2
"Mike Trout_LAA",NA,NA,10,10,NA,7,16,6,NA,16,14,13,5,12,0,13,11,6,NA,21,14,11,10,16,10,7,26,14,7,NA,11,18,NA
"AJ Pollock_ARI",24,NA,10,17,11,0,NA,0,0,5,10,NA,0,NA,4,16,15,13,5,24,10,NA,9,28,20,3,17,8,NA,NA,10,7,0
"Jake Lamb_ARI",0,NA,20,7,20,12,9,5,3,21,20,NA,NA,5,6,16,9,3,3,11,18,11,2,NA,10,5,NA,20,3,NA,21,4,18
"Charlie Blackmon_COL",NA,7,10,4,NA,NA,11,23,3,16,8,0,3,7,14,NA,7,7,NA,16,26,21,18,26,7,17,5,8,0,NA,8,16,2
"Trea Turner_WAS",NA,10,NA,0,NA,NA,8,NA,NA,NA,NA,NA,NA,NA,NA,NA,NA,NA,NA,NA,12,5,7,48,28,19,8,11,7,NA,14,3,13
"Carlos Gonzalez_COL",NA,0,7,0,NA,NA,NA,2,3,14,7,5,3,0,7,NA,0,0,NA,7,7,11,10,16,4,NA,10,6,3,NA,0,3,2
"Manny Machado_BAL",NA,5,NA,3,NA,18,16,2,NA,2,9,2,0,7,16,NA,0,5,3,17,3,9,2,2,8,NA,30,9,10,18,14,0,26
"Ian Desmond_COL",NA,NA,NA,NA,NA,NA,NA,NA,NA,NA,NA,NA,NA,NA,NA,NA,NA,NA,NA,NA,NA,NA,NA,NA,NA,NA,NA,NA,3,NA,10,33,10
"Freddie Freeman_ATL",NA,14,NA,2,0,NA,5,43,NA,5,16,NA,12,5,8,40,10,23,0,14,16,4,NA,NA,10,16,16,22,16,11,20,5,NA
"Mookie Betts_BOS",NA,5,NA,NA,NA,NA,NA,6,0,6,0,5,18,0,19,NA,26,3,NA,5,0,25,NA,NA,8,0,7,3,2,2,9,10,5
"Jose Abreu_CWS",NA,NA,NA,NA,NA,5,0,5,NA,NA,0,14,2,0,4,0,0,15,NA,0,2,12,12,8,14,NA,NA,32,13,0,5,14,23
"Daniel Murphy_WAS",NA,8,NA,10,NA,NA,17,3,3,37,3,NA,NA,0,5,NA,0,6,NA,2,6,20,0,24,23,30,6,2,18,NA,9,0,5
"Yasmany Tomas_ARI",0,NA,0,10,NA,16,20,NA,14,10,4,NA,0,NA,6,0,23,NA,3,11,32,NA,12,10,0,23,0,9,NA,NA,2,4,NA
"Trevor Story_COL",NA,7,18,7,NA,NA,5,2,2,NA,2,16,4,4,0,NA,14,5,NA,20,16,9,8,5,0,4,14,16,4,NA,0,NA,NA
"Eric Thames_MIL",NA,13,NA,17,NA,NA,5,9,NA,NA,5,23,21,32,18,26,17,8,21,0,6,5,36,18,11,NA,7,2,3,11,0,NA,7
"Ryan Braun_MIL",NA,2,19,9,NA,7,NA,18,NA,10,0,18,16,8,18,33,10,NA,2,17,2,10,9,0,14,NA,22,2,2,NA,NA,NA,NA
"Ryan Zimmerman_WAS",NA,6,NA,18,NA,NA,2,NA,22,3,8,NA,NA,0,NA,NA,12,26,23,NA,7,21,16,11,26,NA,30,24,21,NA,10,10,11
"DJ LeMahieu_COL",NA,0,5,4,NA,NA,0,NA,21,0,2,15,6,8,10,NA,2,10,NA,2,15,0,3,19,4,2,NA,14,2,NA,2,12,6
"David Peralta_ARI",0,NA,0,NA,25,6,16,8,2,0,13,NA,NA,0,0,21,10,0,NA,10,26,8,27,NA,16,5,0,NA,5,NA,NA,NA,NA
"Hanley Ramirez_BOS",NA,3,NA,5,NA,NA,NA,NA,NA,7,12,11,7,0,8,NA,9,0,NA,3,0,14,NA,NA,5,6,10,14,20,7,28,2,8
"Todd Frazier_CWS",NA,NA,NA,NA,NA,0,14,4,NA,NA,NA,NA,0,0,NA,NA,NA,NA,NA,0,0,10,11,24,7,NA,16,9,16,9,7,0,NA
"Jose Altuve_HOU",NA,NA,3,0,3,0,3,13,4,17,19,NA,26,19,NA,9,6,10,NA,3,23,22,NA,2,NA,NA,4,19,6,18,20,0,3
"Carlos Correa_HOU",NA,NA,2,6,2,5,4,8,9,0,10,NA,4,4,NA,NA,NA,NA,NA,2,0,16,NA,6,11,9,12,0,12,13,0,25,14
"David Dahl_COL",NA,NA,NA,NA,NA,NA,NA,NA,NA,NA,NA,NA,NA,NA,NA,NA,NA,NA,NA,NA,NA,NA,NA,NA,NA,NA,NA,NA,NA,NA,NA,NA,NA
"Mark Trumbo_BAL",NA,21,NA,0,NA,0,14,12,NA,0,12,0,2,0,10,NA,6,10,7,3,2,0,0,0,0,NA,26,4,11,10,0,4,10
"Miguel Cabrera_DET",NA,NA,NA,NA,NA,NA,2,6,0,NA,0,18,25,12,5,NA,14,19,NA,11,NA,NA,NA,NA,NA,NA,NA,NA,NA,NA,16,3,NA
"Chris Owings_ARI",8,NA,5,26,0,NA,7,32,5,3,3,NA,10,NA,6,4,0,NA,3,13,12,NA,28,19,2,35,10,5,NA,NA,12,17,3
"Brandon Drury_ARI",3,NA,9,7,NA,15,21,2,0,0,5,NA,0,7,3,NA,4,3,3,16,NA,0,10,11,7,NA,3,17,10,NA,8,0,NA
"Edwin Encarnacion_CLE",NA,NA,2,2,NA,5,0,8,NA,NA,2,4,10,7,8,5,24,NA,NA,2,19,2,NA,2,5,16,2,7,2,8,0,2,NA
"Xander Bogaerts_BOS",NA,16,NA,0,NA,NA,NA,NA,NA,4,15,8,13,3,7,NA,8,5,NA,NA,5,12,NA,NA,0,3,5,10,9,10,8,14,5
"Brian Dozier_MIN",NA,7,NA,NA,NA,2,8,5,NA,NA,14,13,15,NA,14,0,5,NA,NA,3,10,11,14,6,7,NA,0,NA,10,NA,28,13,4
"Melky Cabrera_CWS",NA,NA,NA,NA,NA,6,2,4,NA,NA,3,14,NA,NA,NA,8,2,3,NA,3,0,7,13,4,5,NA,6,14,10,0,3,5,10
"Giancarlo Stanton_MIA",NA,9,NA,0,NA,7,13,0,NA,2,34,9,NA,14,2,3,0,24,NA,16,30,13,NA,NA,2,7,7,0,8,0,7,9,0
"Corey Seager_LAD",NA,21,0,7,NA,NA,0,23,7,NA,5,3,14,18,0,0,7,5,NA,24,NA,16,3,12,17,18,8,8,NA,2,9,0,NA
"Francisco Lindor_CLE",NA,NA,2,46,NA,14,10,3,NA,NA,10,7,9,13,6,7,17,NA,NA,3,2,17,NA,2,11,16,10,4,25,5,2,10,NA
"Michael Brantley_CLE",NA,NA,8,NA,NA,7,5,NA,NA,NA,2,19,NA,7,13,18,16,NA,NA,6,26,NA,NA,14,16,0,NA,3,21,4,3,5,NA
"Adam Jones_BAL",NA,9,NA,16,NA,9,7,5,NA,5,17,0,10,3,7,NA,18,5,0,5,10,8,26,0,3,NA,12,6,11,2,0,0,8
"Andrew McCutchen_PIT",NA,0,NA,0,NA,NA,2,0,5,8,10,16,NA,18,10,3,8,2,NA,5,25,7,4,2,7,NA,12,4,7,16,4,16,3
"Jonathan Villar_MIL",NA,13,0,19,NA,0,22,0,NA,0,17,2,28,4,NA,0,0,5,10,6,5,11,4,16,8,NA,5,17,0,23,0,NA,0
"Josh Donaldson_TOR",NA,11,NA,3,4,23,9,14,NA,NA,4,7,NA,NA,NA,NA,NA,NA,NA,NA,NA,NA,NA,NA,NA,NA,NA,NA,NA,NA,NA,NA,NA
"JD Martinez_DET",NA,NA,NA,NA,NA,NA,NA,NA,NA,NA,NA,NA,NA,NA,NA,NA,NA,NA,NA,NA,NA,NA,NA,NA,NA,NA,NA,NA,NA,NA,NA,NA,NA
"Yoenis Cespedes_NYM",NA,4,NA,5,9,14,2,5,0,51,11,32,NA,0,5,NA,7,9,5,NA,NA,NA,NA,NA,3,5,NA,NA,NA,NA,NA,NA,NA
"Adam Eaton_WAS",NA,16,NA,11,NA,NA,2,5,23,5,10,NA,NA,NA,15,NA,5,21,0,0,12,6,12,14,9,29,6,NA,NA,NA,NA,NA,NA
"Mark Reynolds_COL",NA,27,12,10,NA,NA,19,0,18,2,NA,5,5,10,3,NA,5,2,NA,14,30,0,21,18,6,0,2,21,2,NA,NA,NA,9
"Wil Myers_SD",NA,2,10,8,NA,NA,0,19,34,10,18,NA,3,5,3,6,5,3,17,2,13,3,18,7,0,7,0,31,18,NA,9,10,13
"Carlos Santana_CLE",NA,NA,21,11,NA,7,7,0,NA,NA,5,0,2,28,0,5,10,NA,NA,4,16,2,NA,5,18,5,0,4,9,3,9,0,NA
"Miguel Sano_MIN",NA,20,NA,NA,NA,7,2,21,NA,NA,2,26,4,11,0,5,14,NA,NA,6,5,7,0,24,9,NA,27,NA,28,NA,20,9,2
"Jackie Bradley_BOS",NA,12,NA,15,NA,NA,2,NA,NA,NA,NA,NA,NA,NA,NA,NA,NA,NA,NA,3,21,0,NA,NA,2,0,5,5,0,2,2,NA,3
"Gregory Polanco_PIT",NA,3,NA,0,NA,NA,25,5,3,9,NA,15,NA,NA,NA,NA,2,2,NA,4,0,10,2,8,5,NA,7,14,9,0,NA,7,2
"Ian Kinsler_DET",NA,NA,NA,NA,NA,NA,5,14,16,NA,2,NA,5,4,4,NA,0,18,NA,0,5,8,NA,26,0,0,4,10,0,9,7,0,NA
"George Springer_HOU",NA,NA,5,27,16,2,2,19,0,17,5,NA,3,22,NA,5,17,0,NA,9,2,NA,NA,NA,NA,NA,14,0,10,8,7,14,NA
"Jay Bruce_NYM",NA,10,NA,22,4,2,3,16,34,7,3,11,5,NA,0,NA,5,39,4,5,2,3,NA,NA,10,5,5,0,24,7,36,9,NA
"Matt Kemp_ATL",NA,5,NA,21,28,NA,NA,NA,NA,NA,NA,NA,NA,NA,NA,NA,NA,NA,0,0,3,19,NA,NA,10,2,11,46,5,17,7,5,NA
"Jose Ramirez_CLE",NA,NA,2,7,NA,0,NA,NA,NA,NA,2,13,8,46,9,6,21,NA,NA,0,19,3,NA,8,9,9,14,11,7,0,9,18,NA
"Jason Kipnis_CLE",NA,NA,NA,NA,NA,NA,NA,NA,NA,NA,NA,NA,NA,NA,NA,NA,NA,NA,NA,4,3,NA,NA,0,8,3,0,0,14,NA,0,2,NA
"Dustin Pedroia_BOS",NA,7,NA,5,NA,NA,5,3,3,14,3,4,10,5,0,NA,NA,0,NA,5,NA,NA,NA,NA,NA,0,10,9,5,0,7,5,16
"Chris Davis_BAL",NA,5,NA,14,NA,3,11,6,NA,7,24,0,23,0,7,NA,5,0,0,3,7,7,4,5,9,NA,4,0,NA,2,2,5,5
"Tim Anderson_CWS",NA,NA,NA,NA,NA,10,3,3,NA,NA,3,16,2,0,NA,3,5,7,NA,3,0,12,22,9,3,NA,23,0,2,3,3,0,NA
"Christian Yelich_MIA",NA,0,NA,8,NA,21,7,0,NA,22,2,15,2,16,7,17,10,24,NA,0,2,14,NA,NA,2,8,16,0,10,2,0,10,4
"Nelson Cruz_SEA",NA,NA,0,7,2,5,2,2,15,3,3,NA,16,11,10,14,2,12,7,12,9,33,NA,24,21,7,NA,16,21,NA,5,11,12
"Anthony Rendon_WAS",NA,NA,NA,0,NA,NA,6,0,2,NA,3,NA,NA,5,12,NA,2,11,5,7,4,0,13,7,0,NA,7,2,71,NA,7,0,9
"Starling Marte_PIT",NA,2,NA,3,NA,NA,7,27,3,10,0,2,NA,28,0,0,NA,NA,NA,NA,NA,NA,NA,NA,NA,NA,NA,NA,NA,NA,NA,NA,NA
"Jose Bautista_TOR",NA,2,NA,3,6,9,2,9,NA,4,3,7,0,7,2,NA,4,0,NA,23,0,5,4,10,NA,NA,5,13,12,21,7,7,NA
"Evan Longoria_TB",21,NA,7,2,7,20,5,0,5,NA,6,3,9,5,0,NA,2,19,NA,14,14,2,5,4,3,NA,14,0,0,NA,NA,2,5
"Justin Upton_DET",NA,NA,NA,NA,NA,NA,0,5,NA,NA,9,16,5,28,0,NA,3,NA,NA,7,21,13,NA,25,3,0,7,12,21,9,9,3,NA
"Dee Gordon_MIA",NA,0,NA,12,NA,10,NA,9,NA,11,7,11,18,0,11,3,7,7,NA,0,12,10,NA,NA,10,3,NA,0,15,27,2,NA,15
"Robinson Cano_SEA",NA,NA,7,2,3,3,3,27,11,7,7,NA,2,2,3,23,2,14,5,0,22,14,NA,5,9,0,16,7,7,NA,15,16,2
"Jean Segura_SEA",NA,NA,0,19,13,7,13,16,0,NA,NA,NA,NA,NA,NA,NA,NA,NA,NA,NA,NA,NA,NA,26,19,3,5,0,7,NA,12,28,16
"Gerardo Parra_COL",NA,8,19,5,NA,NA,17,11,5,0,2,NA,NA,NA,NA,NA,NA,0,NA,7,NA,23,5,14,9,5,0,0,NA,NA,0,5,NA
"Socrates Brito_ARI",NA,NA,NA,NA,NA,NA,NA,NA,NA,NA,NA,NA,NA,NA,NA,NA,NA,NA,NA,NA,NA,NA,NA,NA,NA,NA,NA,NA,NA,NA,NA,NA,NA
"Lorenzo Cain_KC",NA,9,NA,NA,NA,10,9,0,12,NA,13,17,12,6,2,NA,6,10,10,9,3,NA,0,6,0,NA,3,NA,14,4,0,15,11
"Tyler Saladino_CWS",NA,NA,NA,NA,NA,3,16,NA,NA,NA,0,NA,5,NA,2,7,0,0,NA,NA,6,5,14,NA,10,NA,10,9,0,2,NA,NA,5
"Jose Reyes_NYM",NA,4,NA,0,5,0,NA,0,0,7,0,NA,7,2,2,NA,5,2,10,0,NA,3,NA,NA,10,21,19,19,10,16,2,22,NA
"Rougned Odor_TEX",NA,NA,3,3,NA,21,5,2,NA,4,12,3,0,0,7,3,3,2,5,0,10,0,7,0,16,NA,0,16,3,0,0,10,16
"Dexter Fowler_STL",7,NA,3,NA,NA,2,11,0,9,7,7,NA,0,0,3,0,12,31,0,5,NA,2,NA,12,NA,24,21,NA,5,2,2,NA,12
"Matt Carpenter_STL",5,NA,0,NA,NA,2,4,5,8,NA,10,NA,18,3,5,NA,NA,3,17,7,7,2,NA,NA,NA,6,0,NA,20,16,10,NA,8
"Eric Hosmer_KC",NA,0,NA,NA,NA,3,16,3,2,NA,5,2,5,7,3,NA,5,7,4,5,0,6,0,3,14,NA,9,NA,5,16,3,12,10
"Max Kepler_MIN",NA,5,NA,NA,NA,0,3,0,NA,NA,7,27,7,17,8,5,7,NA,NA,4,2,16,NA,5,NA,NA,9,NA,16,NA,12,4,NA
"Andrew Benintendi_BOS",NA,18,NA,3,NA,NA,3,5,2,11,8,5,14,0,17,NA,12,5,NA,0,NA,19,NA,NA,4,0,14,16,10,7,5,0,0
"Avisail Garcia_CWS",NA,NA,NA,NA,NA,5,31,7,NA,NA,7,19,6,2,25,5,18,4,NA,0,0,7,5,17,16,NA,24,10,0,NA,16,0,12
"Jonathan Schoop_BAL",NA,0,NA,5,NA,7,2,2,NA,2,19,14,17,7,10,NA,5,5,14,2,19,2,16,5,8,NA,7,5,7,8,4,7,11
"Khris Davis_OAK",NA,NA,2,5,NA,14,7,8,16,NA,8,0,14,22,NA,0,2,23,11,2,6,NA,NA,2,9,2,32,14,4,NA,2,3,7
"Albert Pujols_LAA",NA,NA,0,5,NA,2,13,21,NA,9,0,5,3,5,2,NA,18,0,NA,17,5,15,5,3,8,7,18,2,2,NA,10,5,5
"Shin-Soo Choo_TEX",NA,NA,3,8,NA,12,0,NA,NA,5,3,10,0,NA,29,8,0,2,NA,9,5,8,2,5,33,NA,NA,8,14,0,3,2,7
"Elvis Andrus_TEX",NA,NA,2,17,NA,7,0,5,NA,21,19,17,11,0,3,3,20,0,0,NA,5,5,8,0,14,NA,12,3,2,12,18,2,19
"Jayson Werth_WAS",NA,0,NA,6,NA,NA,10,6,12,14,0,NA,NA,NA,3,NA,0,5,NA,NA,NA,0,7,0,9,21,0,12,12,NA,2,0,9
"Justin Turner_LAD",NA,19,3,13,NA,NA,0,16,2,NA,NA,7,14,11,6,7,7,NA,NA,7,8,5,3,8,11,7,15,NA,13,0,11,2,NA
"Adrian Gonzalez_LAD",NA,13,3,11,NA,NA,8,11,0,NA,3,NA,5,2,3,NA,6,7,NA,0,NA,16,0,7,2,NA,3,8,3,3,NA,0,NA
"Yasiel Puig_LAD",NA,11,0,17,NA,NA,8,0,2,NA,3,5,9,33,7,2,3,0,NA,0,7,0,3,7,8,0,NA,14,0,0,21,2,NA
"Jedd Gyorko_STL",0,NA,NA,NA,NA,NA,18,0,NA,3,8,NA,NA,14,7,NA,NA,2,28,8,14,NA,NA,13,NA,NA,19,NA,8,34,0,NA,3
"Joe Mauer_MIN",NA,6,NA,NA,NA,NA,5,5,NA,NA,7,7,0,7,3,6,5,NA,NA,4,NA,3,3,10,NA,NA,9,NA,2,NA,16,9,NA
"Welington Castillo_BAL",NA,8,NA,3,NA,0,7,NA,NA,6,19,5,NA,3,0,NA,10,5,NA,0,NA,7,7,NA,6,NA,20,NA,11,NA,NA,NA,NA
"Keon Broxton_MIL",NA,7,2,NA,NA,NA,NA,0,NA,24,7,3,4,0,NA,0,0,0,NA,12,8,10,0,23,NA,NA,9,NA,8,3,NA,NA,27
"Josh Reddick_HOU",NA,NA,3,5,NA,3,NA,5,0,8,18,NA,0,NA,NA,13,0,33,NA,2,NA,0,NA,12,4,10,8,3,2,2,NA,20,9
"Alex Bregman_HOU",NA,NA,0,7,NA,5,3,0,3,8,12,NA,8,16,NA,8,0,9,NA,5,5,5,NA,3,2,7,5,3,NA,7,5,10,7
"Michael Conforto_NYM",NA,NA,NA,NA,NA,NA,NA,18,NA,NA,23,NA,5,NA,NA,NA,4,NA,6,19,2,22,NA,NA,0,2,7,38,5,23,12,19,NA
"Adrian Beltre_TEX",NA,NA,NA,NA,NA,NA,NA,NA,NA,NA,NA,NA,NA,NA,NA,NA,NA,NA,NA,NA,NA,NA,NA,NA,NA,NA,NA,NA,NA,NA,NA,NA,NA
"Kyle Seager_SEA",NA,NA,5,8,5,0,7,2,10,5,7,NA,8,9,7,2,0,20,0,5,NA,NA,NA,NA,NA,12,0,16,5,NA,2,5,10
"Maikel Franco_PHI",NA,7,NA,3,NA,NA,11,4,8,16,23,NA,NA,2,0,NA,2,2,23,4,12,0,NA,NA,26,8,2,10,0,6,2,17,21
"Michael Taylor_WAS",NA,NA,NA,NA,NA,NA,NA,NA,NA,NA,NA,NA,NA,0,NA,NA,NA,NA,2,NA,0,NA,2,NA,NA,NA,NA,13,14,NA,5,10,20
"Odubel Herrera_PHI",NA,9,NA,8,NA,NA,11,3,5,3,4,NA,NA,7,NA,NA,19,5,7,3,8,14,NA,NA,5,7,3,9,NA,8,0,7,8
"Joc Pederson_LAD",NA,22,NA,2,NA,NA,2,NA,5,NA,2,NA,5,NA,2,NA,7,NA,NA,12,0,9,NA,NA,NA,NA,NA,NA,NA,NA,NA,NA,NA
"Brandon Phillips_ATL",NA,3,NA,5,0,NA,19,6,NA,24,4,NA,3,14,24,5,3,5,10,3,21,11,NA,NA,3,NA,NA,3,NA,0,5,NA,NA
"Ender Inciarte_ATL",NA,0,NA,4,3,NA,3,0,NA,8,30,NA,21,5,21,8,0,5,0,12,0,0,NA,NA,13,15,18,19,15,19,17,2,NA
"Stephen Piscotty_STL",9,NA,4,NA,NA,2,NA,NA,10,0,30,NA,2,16,5,3,2,3,7,NA,2,7,NA,12,NA,13,12,NA,4,9,10,NA,0
"Aledmys Diaz_STL",18,NA,0,NA,NA,0,37,3,0,17,NA,NA,10,0,0,0,0,NA,13,3,NA,7,NA,0,NA,NA,3,NA,4,17,0,NA,13
"Alex Gordon_KC",NA,3,NA,NA,NA,14,11,6,0,NA,2,5,5,7,0,NA,7,3,5,4,0,0,5,5,7,NA,2,NA,3,7,NA,9,4
"Pablo Sandoval_BOS",NA,7,NA,4,NA,NA,0,0,2,6,16,NA,3,0,16,NA,15,6,NA,0,3,2,NA,NA,NA,NA,NA,NA,NA,NA,NA,NA,NA
"Robbie Grossman_MIN",NA,8,NA,NA,NA,12,NA,10,NA,NA,NA,24,2,16,5,8,7,NA,NA,11,7,3,2,NA,3,NA,0,NA,NA,NA,3,NA,NA
"Kennys Vargas_MIN",NA,NA,NA,NA,NA,NA,NA,NA,NA,NA,NA,NA,NA,NA,NA,NA,NA,NA,NA,NA,NA,NA,7,19,5,NA,NA,NA,6,NA,NA,25,0
"Seth Smith_BAL",NA,7,NA,NA,NA,23,8,NA,NA,NA,4,NA,16,7,NA,NA,4,NA,NA,NA,NA,NA,13,0,12,NA,NA,0,NA,2,NA,NA,29
"Travis Shaw_MIL",NA,12,16,16,NA,7,9,0,NA,12,0,0,7,NA,14,0,35,16,21,3,7,2,NA,9,13,NA,0,2,NA,21,3,NA,19
"Rajai Davis_OAK",NA,NA,17,0,NA,0,14,4,8,NA,14,16,0,NA,NA,2,NA,12,12,NA,NA,NA,NA,NA,NA,NA,NA,NA,NA,NA,3,3,NA
"Nicholas Castellanos_DET",NA,NA,NA,NA,NA,NA,NA,NA,NA,NA,NA,NA,NA,NA,NA,NA,NA,NA,NA,NA,NA,NA,NA,NA,NA,NA,NA,NA,NA,NA,NA,NA,NA
"Evan Gattis_HOU",NA,NA,2,14,NA,3,NA,16,0,NA,NA,NA,NA,0,NA,5,NA,8,NA,NA,18,NA,NA,9,16,5,19,3,7,NA,5,NA,5
"Marcell Ozuna_MIA",NA,5,NA,10,NA,15,23,0,NA,38,3,27,3,14,13,0,0,5,NA,14,0,11,NA,NA,0,0,4,3,17,14,3,19,5
"David Wright_NYM",NA,NA,NA,NA,NA,NA,NA,NA,NA,NA,NA,NA,NA,NA,NA,NA,NA,NA,NA,NA,NA,NA,NA,NA,NA,NA,NA,NA,NA,NA,NA,NA,NA
"Asdrubal Cabrera_NYM",NA,18,NA,2,5,5,3,5,9,31,7,3,0,16,NA,NA,2,7,8,NA,5,0,NA,NA,4,2,16,0,NA,9,18,17,NA
"Neil Walker_NYM",NA,4,NA,0,10,3,0,5,4,12,5,5,NA,12,9,NA,0,3,20,0,0,18,NA,NA,2,17,2,0,0,9,8,16,NA
"Matt Wieters_WAS",NA,5,NA,17,NA,NA,0,NA,14,21,0,NA,NA,NA,0,NA,9,7,0,NA,5,0,NA,7,NA,13,19,NA,39,NA,NA,3,NA
"Stephen Cardullo_COL",NA,NA,NA,NA,NA,NA,0,NA,NA,NA,NA,0,NA,10,NA,NA,3,NA,NA,NA,4,NA,NA,NA,NA,NA,NA,NA,NA,NA,NA,NA,NA
"Raimel Tapia_COL",NA,NA,NA,NA,NA,NA,NA,NA,NA,NA,NA,NA,NA,NA,0,NA,NA,NA,NA,NA,NA,NA,NA,NA,NA,NA,NA,NA,NA,NA,NA,NA,NA
"Chris Herrmann_ARI",NA,NA,NA,NA,10,NA,NA,0,NA,NA,NA,NA,NA,0,NA,NA,NA,0,NA,NA,16,NA,5,NA,NA,0,NA,NA,NA,NA,21,NA,0
"Logan Forsythe_LAD",NA,11,8,0,NA,NA,NA,19,8,NA,4,0,10,13,NA,4,2,NA,NA,NA,NA,NA,NA,NA,NA,NA,NA,NA,NA,NA,NA,NA,NA
"Andrew Toles_LAD",NA,8,NA,2,NA,NA,14,NA,NA,NA,17,NA,21,NA,0,NA,NA,NA,NA,5,NA,5,0,NA,2,NA,10,16,25,5,NA,6,NA
"Cody Bellinger_LAD",NA,NA,NA,NA,NA,NA,NA,NA,NA,NA,NA,NA,NA,NA,NA,NA,NA,NA,NA,NA,NA,NA,NA,5,0,2,10,28,3,12,21,0,NA
"Mike Moustakas_KC",NA,14,NA,NA,NA,7,NA,17,0,NA,7,7,20,14,NA,NA,3,8,3,NA,5,14,7,21,0,NA,3,NA,3,5,NA,9,5
"Jorge Soler_KC",NA,NA,NA,NA,NA,NA,NA,NA,NA,NA,NA,NA,NA,NA,NA,NA,NA,NA,NA,NA,NA,NA,NA,NA,NA,NA,NA,NA,NA,NA,NA,NA,NA
"Mitch Moreland_BOS",NA,0,NA,0,NA,NA,10,13,15,5,9,9,2,24,14,NA,19,3,NA,0,2,17,NA,NA,2,0,11,4,2,2,10,7,0
"Eddie Rosario_MIN",NA,3,NA,NA,NA,0,5,0,NA,NA,5,5,3,NA,2,8,6,NA,NA,18,5,14,3,10,5,NA,8,NA,5,NA,6,10,18
"Byron Buxton_MIN",NA,0,NA,NA,NA,0,5,0,NA,NA,NA,10,0,7,2,NA,0,NA,NA,3,3,NA,6,17,7,NA,4,NA,14,NA,16,10,0
"Matt Davidson_CWS",NA,NA,NA,NA,NA,NA,3,NA,NA,NA,7,18,17,NA,8,5,0,NA,NA,NA,NA,NA,30,2,0,NA,4,NA,NA,0,NA,NA,21
"Hyun Soo Kim_BAL",NA,NA,NA,NA,NA,NA,NA,NA,NA,NA,NA,NA,NA,NA,NA,NA,NA,NA,NA,NA,NA,NA,NA,NA,NA,NA,NA,NA,NA,NA,NA,NA,NA
"Josh Harrison_PIT",NA,7,NA,3,NA,NA,5,NA,NA,6,7,0,NA,14,11,4,3,3,NA,8,NA,6,12,3,21,NA,15,0,7,28,20,7,3
"Troy Tulowitzki_TOR",NA,0,NA,0,0,27,5,2,NA,16,2,6,7,3,10,NA,6,5,NA,7,NA,NA,NA,NA,NA,NA,NA,NA,NA,NA,NA,NA,NA
"Brad Miller_TB",8,NA,0,0,7,11,11,6,0,NA,NA,0,31,NA,14,NA,9,8,NA,5,0,19,7,4,2,NA,6,NA,6,14,10,4,4
"Victor Martinez_DET",NA,NA,NA,NA,NA,NA,2,8,3,NA,4,0,0,7,5,NA,5,7,NA,5,0,17,NA,7,5,0,7,19,0,15,7,4,NA
"Carlos Beltran_HOU",NA,NA,0,6,3,10,10,NA,3,8,14,NA,5,2,NA,0,3,NA,NA,19,0,9,NA,0,2,NA,9,5,NA,0,15,0,NA
"Kole Calhoun_LAA",NA,NA,7,11,NA,21,5,9,NA,0,10,3,2,2,0,2,0,NA,NA,9,7,4,3,5,11,0,10,10,19,NA,16,21,0
"JT Realmuto_MIA",NA,10,NA,23,NA,NA,20,3,NA,5,2,NA,9,NA,6,0,3,5,NA,3,6,7,NA,NA,8,8,3,0,NA,0,0,25,3
"Lucas Duda_NYM",NA,13,NA,2,NA,NA,14,6,4,36,0,NA,21,NA,0,NA,4,0,NA,NA,NA,NA,NA,NA,NA,NA,NA,NA,NA,NA,NA,NA,NA
"Joey Gallo_TEX",NA,NA,19,4,NA,4,0,25,NA,2,16,12,5,5,0,4,0,16,7,30,2,18,12,14,15,NA,0,0,8,2,14,0,23
"Mike Napoli_TEX",NA,NA,9,0,NA,0,14,2,NA,8,21,0,2,0,7,9,0,3,4,5,14,NA,11,0,0,NA,5,0,NA,19,0,3,9
"Carlos Gomez_TEX",NA,NA,0,4,NA,20,0,2,NA,0,16,14,6,2,2,20,0,2,5,3,9,5,8,2,17,NA,2,36,12,0,5,NA,14
"Tommy Joseph_PHI",NA,0,NA,0,NA,NA,14,7,NA,0,5,NA,NA,3,5,NA,7,0,15,5,2,NA,NA,NA,5,NA,0,NA,0,22,9,NA,7
"Dustin Garneau_COL",NA,NA,NA,NA,NA,NA,0,NA,NA,NA,0,0,NA,9,NA,NA,2,0,NA,NA,7,NA,NA,NA,NA,7,5,NA,8,NA,NA,16,NA
"Nick Markakis_ATL",NA,0,NA,12,3,NA,11,10,NA,14,5,NA,11,5,9,0,5,8,7,3,0,3,NA,NA,17,13,5,15,5,4,7,5,NA
"Salvador Perez_KC",NA,3,NA,NA,NA,19,14,14,3,NA,5,5,16,0,6,NA,3,10,0,0,NA,NA,0,7,0,NA,21,NA,19,7,0,0,2
"Whit Merrifield_KC",NA,NA,NA,NA,NA,NA,NA,NA,NA,NA,NA,NA,NA,NA,NA,NA,21,0,NA,13,3,0,2,NA,7,NA,5,NA,14,NA,5,7,0
"Charlie Tilson_CWS",NA,NA,NA,NA,NA,NA,NA,NA,NA,NA,NA,NA,NA,NA,NA,NA,NA,NA,NA,NA,NA,NA,NA,NA,NA,NA,NA,NA,NA,NA,NA,NA,NA
"Trey Mancini_BAL",NA,NA,NA,0,NA,NA,NA,4,NA,5,34,5,NA,NA,35,NA,NA,3,NA,0,16,0,NA,NA,NA,NA,5,NA,4,NA,7,8,NA
"Hernan Perez_MIL",NA,NA,NA,7,NA,3,NA,0,NA,3,NA,NA,NA,26,2,NA,NA,5,2,NA,NA,NA,32,38,7,NA,20,2,2,NA,3,NA,13
"Steve Pearce_TOR",NA,11,NA,0,0,NA,0,NA,NA,4,3,NA,0,NA,3,NA,7,NA,NA,NA,3,NA,NA,NA,NA,3,3,NA,0,NA,36,20,NA
"Steven Souza_TB",2,NA,6,5,13,13,10,24,0,NA,7,0,25,5,4,NA,5,10,NA,3,10,16,4,9,0,NA,3,7,NA,2,5,0,NA
"Devon Travis_TOR",NA,6,NA,5,NA,4,0,0,NA,4,0,0,5,NA,NA,NA,4,0,NA,NA,3,23,0,NA,NA,NA,7,NA,0,12,12,0,NA
"Trevor Plouffe_OAK",NA,NA,0,3,NA,0,NA,3,0,NA,11,3,14,18,NA,3,4,9,18,14,3,3,NA,5,4,0,3,0,5,NA,3,2,NA
"Alex Avila_DET",NA,NA,NA,NA,NA,NA,NA,7,NA,NA,NA,NA,21,NA,23,NA,0,NA,NA,NA,NA,16,NA,26,NA,2,4,NA,11,9,10,0,NA
"Cameron Maybin_LAA",NA,NA,8,7,NA,14,3,NA,NA,11,NA,9,0,7,NA,NA,0,5,NA,5,8,NA,12,2,17,NA,2,NA,0,NA,18,NA,5
"Curtis Granderson_NYM",NA,5,NA,0,3,10,0,NA,3,13,NA,5,4,12,0,NA,NA,0,0,21,0,0,NA,NA,0,7,0,0,0,4,NA,18,NA
"Cesar Hernandez_PHI",NA,14,NA,0,NA,NA,23,12,5,10,8,NA,NA,21,29,NA,11,5,2,15,10,19,NA,NA,0,NA,5,8,12,15,2,3,21
"Aaron Altherr_PHI",NA,NA,NA,3,NA,NA,NA,NA,NA,NA,NA,NA,NA,NA,7,NA,NA,11,15,12,17,14,NA,NA,7,NA,0,NA,0,22,19,7,17
"Adam Lind_WAS",NA,NA,NA,NA,NA,NA,NA,10,NA,NA,NA,NA,NA,NA,2,NA,NA,NA,NA,0,NA,NA,NA,NA,NA,14,NA,NA,NA,NA,NA,NA,NA
"Chris Iannetta_ARI",NA,NA,NA,5,NA,2,NA,NA,NA,7,NA,NA,NA,NA,16,NA,14,NA,10,NA,NA,0,NA,0,NA,NA,3,NA,0,NA,NA,NA,3
"Tom Murphy_COL",NA,NA,NA,NA,NA,NA,NA,NA,NA,NA,NA,NA,NA,NA,NA,NA,NA,NA,NA,NA,NA,NA,NA,NA,NA,NA,NA,NA,NA,NA,NA,NA,NA
"Chase Utley_LAD",NA,NA,NA,NA,NA,NA,0,NA,NA,NA,4,NA,NA,NA,0,NA,NA,NA,NA,0,NA,0,6,NA,5,NA,3,5,NA,0,NA,0,NA
"Franklin Gutierrez_LAD",NA,NA,3,NA,NA,NA,NA,7,2,NA,NA,NA,NA,NA,NA,NA,NA,NA,NA,NA,NA,NA,NA,NA,NA,NA,NA,NA,NA,NA,18,NA,NA
"Yasmani Grandal_LAD",NA,30,0,0,NA,NA,4,NA,8,NA,2,5,8,NA,9,3,NA,2,NA,9,NA,16,0,2,7,NA,2,0,13,2,NA,3,NA
"Ryan Schimpf_SD",NA,17,5,0,NA,NA,NA,4,4,2,20,NA,4,0,20,4,2,0,0,3,0,NA,0,NA,NA,14,16,18,2,NA,16,0,4
"Randal Grichuk_STL",23,NA,0,NA,NA,0,3,5,0,14,NA,NA,9,0,2,13,0,NA,4,9,15,11,NA,5,NA,7,7,NA,2,6,2,NA,2
"Brock Holt_BOS",NA,NA,NA,NA,NA,NA,2,NA,2,NA,NA,0,NA,NA,NA,NA,NA,NA,NA,NA,NA,NA,NA,NA,NA,NA,NA,NA,NA,NA,NA,NA,NA
"Jorge Polanco_MIN",NA,12,NA,NA,NA,0,7,17,NA,NA,2,5,8,7,6,6,5,NA,NA,14,9,NA,5,11,0,NA,0,NA,8,NA,4,NA,5
"Craig Gentry_BAL",NA,NA,NA,NA,NA,NA,NA,0,NA,0,NA,0,NA,NA,21,NA,NA,NA,NA,11,3,4,NA,NA,NA,NA,NA,NA,19,NA,NA,NA,NA
"Alen Hanson_PIT",NA,NA,NA,NA,NA,NA,NA,NA,NA,NA,NA,NA,NA,10,NA,NA,NA,NA,NA,NA,NA,NA,NA,0,NA,NA,NA,NA,3,NA,20,NA,0
"Orlando Arcia_MIL",NA,7,0,8,NA,3,0,NA,NA,0,0,11,12,2,5,0,14,8,NA,7,3,0,5,NA,25,NA,25,5,3,2,0,NA,5
"Kendrys Morales_TOR",NA,4,NA,3,20,11,3,7,NA,11,0,4,5,16,0,NA,7,2,NA,6,6,5,0,2,NA,18,0,0,12,6,0,5,NA
"Wilson Ramos_TB",NA,NA,NA,NA,NA,NA,NA,NA,NA,NA,NA,NA,NA,NA,NA,NA,NA,NA,NA,NA,NA,NA,NA,NA,NA,NA,NA,NA,NA,NA,NA,NA,NA
"Kevin Kiermaier_TB",21,NA,3,3,2,12,2,16,0,NA,5,0,0,4,15,NA,14,21,NA,3,0,NA,0,0,4,NA,3,0,0,NA,9,7,7
"Marcus Semien_OAK",NA,NA,9,3,NA,4,19,3,0,NA,13,0,9,NA,NA,NA,NA,NA,NA,NA,NA,NA,NA,NA,NA,NA,NA,NA,NA,NA,NA,NA,NA
"Ryon Healy_OAK",NA,NA,19,0,NA,0,5,0,5,NA,12,3,0,0,NA,NA,NA,10,19,0,21,10,NA,0,0,3,5,3,5,NA,0,2,19
"Marwin Gonzalez_HOU",NA,NA,14,NA,16,NA,7,18,2,4,NA,NA,8,NA,NA,2,0,2,NA,NA,2,NA,NA,NA,12,19,NA,NA,18,NA,36,23,26
"Norichika Aoki_HOU",NA,NA,NA,NA,5,0,NA,0,NA,NA,10,NA,19,17,NA,0,6,0,NA,2,NA,8,NA,15,5,3,0,NA,0,7,NA,4,NA
"CJ Cron_LAA",NA,NA,NA,8,NA,0,NA,10,NA,NA,5,NA,NA,NA,5,0,0,3,NA,2,9,2,NA,NA,NA,10,3,NA,NA,NA,NA,NA,NA
"Nomar Mazara_TEX",NA,NA,10,24,NA,32,0,6,NA,8,7,16,5,0,19,23,2,0,0,2,2,6,0,0,NA,NA,0,9,5,3,23,5,7
"Jonathan Lucroy_TEX",NA,NA,NA,5,NA,3,0,NA,NA,24,7,NA,0,3,11,0,0,NA,5,NA,2,NA,3,3,NA,NA,3,7,NA,2,22,2,NA
"Michael Saunders_PHI",NA,9,NA,NA,NA,NA,26,0,8,2,2,NA,NA,3,NA,NA,8,10,NA,7,0,NA,NA,NA,18,5,3,5,0,17,7,NA,4
"Daniel Descalso_ARI",NA,NA,NA,NA,3,NA,NA,10,NA,NA,NA,NA,0,4,NA,0,NA,NA,NA,NA,2,0,NA,14,NA,NA,0,NA,22,NA,NA,NA,2
"Yangervis Solarte_SD",NA,5,19,0,NA,NA,2,20,2,2,12,NA,2,0,0,5,0,2,7,12,11,9,11,11,14,10,6,6,3,NA,16,5,6
"Adonis Garcia_ATL",NA,0,NA,9,3,NA,5,5,NA,5,0,NA,0,17,4,3,0,3,3,19,5,NA,NA,NA,8,5,16,6,0,7,12,3,NA
"Alcides Escobar_KC",NA,0,NA,NA,NA,10,4,3,0,NA,3,6,2,0,11,NA,0,5,5,0,0,2,0,2,7,NA,0,NA,5,12,3,7,0
"Cheslor Cuthbert_KC",NA,NA,NA,NA,NA,NA,17,NA,NA,NA,0,NA,NA,NA,0,NA,NA,0,NA,5,NA,0,NA,NA,3,NA,NA,NA,NA,NA,0,NA,5
"Brandon Moss_KC",NA,0,NA,NA,NA,8,NA,14,2,NA,0,2,5,14,NA,NA,11,NA,0,NA,5,0,0,16,NA,NA,14,NA,8,2,NA,5,NA
"Nick Franklin_MIL",NA,NA,NA,NA,NA,NA,NA,NA,NA,NA,NA,NA,NA,NA,0,NA,NA,0,NA,NA,NA,NA,NA,NA,3,NA,NA,NA,NA,NA,0,NA,NA
"Domingo Santana_MIL",NA,9,11,NA,NA,0,NA,16,NA,19,10,8,7,6,NA,10,4,NA,3,0,0,NA,13,0,NA,NA,NA,6,32,10,5,NA,7
"Russell Martin_TOR",NA,4,NA,2,4,NA,6,0,NA,0,5,2,10,NA,5,NA,18,2,NA,13,NA,4,19,5,NA,NA,NA,10,7,NA,2,6,NA
"Colby Rasmus_TB",NA,NA,NA,NA,NA,NA,NA,NA,NA,NA,NA,NA,NA,NA,NA,NA,NA,NA,NA,NA,NA,NA,NA,NA,NA,NA,NA,NA,NA,NA,NA,NA,4
"Corey Dickerson_TB",5,NA,NA,19,8,NA,7,16,0,NA,7,6,7,NA,17,NA,0,14,NA,14,10,2,19,NA,3,NA,21,6,4,7,6,NA,3
"Mallex Smith_TB",3,NA,NA,10,0,NA,26,0,0,NA,NA,3,NA,NA,NA,NA,NA,NA,NA,NA,NA,NA,NA,NA,NA,NA,NA,NA,NA,NA,NA,NA,NA
"Stephen Vogt_OAK",NA,NA,0,5,NA,5,2,NA,10,NA,10,0,NA,5,NA,5,0,NA,NA,4,NA,3,NA,0,3,NA,0,3,NA,NA,3,NA,19
"Brian McCann_HOU",NA,NA,14,NA,3,NA,17,7,NA,4,6,NA,16,NA,NA,NA,6,3,NA,15,NA,9,NA,0,16,7,NA,0,14,3,NA,18,4
"Luis Valbuena_LAA",NA,NA,NA,NA,NA,NA,NA,NA,NA,NA,NA,NA,NA,NA,NA,NA,NA,NA,NA,NA,NA,NA,NA,NA,NA,NA,NA,NA,NA,NA,NA,5,NA
"Martin Prado_MIA",NA,NA,NA,NA,NA,NA,NA,NA,NA,NA,NA,NA,NA,NA,NA,3,NA,6,NA,6,17,5,NA,NA,14,3,5,5,5,2,10,10,3
"Mitch Haniger_SEA",NA,NA,7,11,21,5,16,18,12,15,8,NA,8,8,24,3,7,27,2,10,9,19,NA,8,NA,NA,NA,NA,NA,NA,NA,NA,NA
"Nick Ahmed_ARI",NA,NA,NA,7,NA,5,NA,NA,NA,NA,NA,NA,3,23,NA,NA,NA,0,10,NA,NA,0,NA,10,NA,0,NA,0,2,NA,5,5,0
"Pat Valaika_COL",NA,NA,NA,NA,NA,NA,NA,NA,NA,NA,NA,NA,NA,NA,NA,NA,NA,NA,NA,NA,NA,NA,NA,NA,NA,10,4,NA,NA,NA,NA,NA,NA
"Jeremy Hazelbaker_ARI",NA,NA,NA,NA,NA,NA,13,NA,NA,NA,NA,NA,NA,0,NA,NA,NA,NA,NA,NA,NA,0,NA,NA,NA,NA,NA,NA,2,NA,NA,NA,NA
"Chris Taylor_LAD",NA,NA,NA,NA,NA,NA,NA,NA,NA,NA,NA,NA,NA,NA,NA,NA,NA,12,NA,NA,10,NA,NA,3,NA,7,NA,0,14,NA,10,NA,NA
"Manuel Margot_SD",NA,7,13,2,NA,NA,14,3,10,19,7,NA,5,0,0,7,0,NA,0,15,8,10,7,3,13,0,0,13,8,NA,16,3,7
"Dansby Swanson_ATL",NA,3,NA,3,0,NA,7,14,NA,2,3,NA,0,5,0,7,0,0,NA,0,5,3,NA,NA,5,2,13,19,3,2,9,10,NA
"Lonnie Chisenhall_CLE",NA,NA,NA,NA,NA,NA,NA,NA,NA,NA,NA,7,NA,26,NA,3,5,NA,NA,NA,10,NA,NA,NA,3,2,NA,7,7,NA,10,NA,NA
"Brandon Guyer_CLE",NA,NA,5,2,NA,NA,NA,0,NA,NA,0,NA,4,NA,3,NA,NA,NA,NA,16,NA,0,NA,0,NA,NA,0,NA,NA,5,NA,0,NA
"Abraham Almonte_CLE",NA,NA,NA,4,NA,NA,NA,NA,NA,NA,NA,6,2,8,NA,2,11,NA,NA,NA,4,2,NA,NA,6,14,3,6,22,NA,0,0,NA
"Billy Burns_KC",NA,NA,NA,NA,NA,NA,NA,NA,NA,NA,NA,NA,NA,NA,NA,NA,NA,NA,NA,NA,NA,NA,NA,NA,NA,NA,NA,NA,NA,NA,NA,NA,NA
"Bradley Zimmer_CLE",NA,NA,NA,NA,NA,NA,NA,NA,NA,NA,NA,NA,NA,NA,NA,NA,NA,NA,NA,NA,NA,NA,NA,NA,NA,NA,NA,NA,NA,NA,NA,NA,NA
"Chris Young_BOS",NA,NA,NA,4,NA,NA,0,12,0,12,10,NA,2,5,8,NA,2,0,NA,NA,10,NA,NA,NA,NA,NA,NA,NA,NA,NA,NA,13,NA
"JJ Hardy_BAL",NA,0,NA,0,NA,3,0,7,NA,0,6,5,16,NA,19,NA,0,5,10,0,3,0,0,0,NA,NA,6,0,4,0,3,8,9
"Leury Garcia_CWS",NA,NA,NA,NA,NA,5,NA,NA,NA,NA,2,8,9,0,7,NA,14,0,NA,NA,0,5,13,17,19,NA,3,2,6,3,2,0,6
"Jacob May_CWS",NA,NA,NA,NA,NA,NA,2,0,NA,NA,NA,NA,NA,0,0,0,NA,NA,NA,2,NA,4,NA,NA,NA,NA,NA,NA,NA,5,NA,NA,NA
"Jesus Aguilar_MIL",NA,NA,5,NA,NA,10,0,NA,NA,5,NA,NA,NA,NA,NA,NA,NA,NA,NA,NA,NA,0,NA,NA,NA,NA,NA,NA,NA,0,NA,NA,NA
"Josh Bell_PIT",NA,5,NA,0,NA,NA,NA,13,3,0,0,0,NA,3,NA,8,3,14,NA,16,5,NA,7,2,19,NA,9,5,26,2,0,5,10
"Matt Duffy_TB",NA,NA,NA,NA,NA,NA,NA,NA,NA,NA,NA,NA,NA,NA,NA,NA,NA,NA,NA,NA,NA,NA,NA,NA,NA,NA,NA,NA,NA,NA,NA,NA,NA
"Jefry Marte_LAA",NA,NA,9,NA,NA,NA,5,NA,NA,14,NA,0,2,NA,NA,0,NA,0,NA,NA,NA,0,2,0,10,NA,NA,2,21,NA,4,NA,5
"Yuli Gurriel_HOU",NA,NA,NA,NA,NA,NA,NA,NA,NA,NA,NA,NA,NA,NA,NA,NA,NA,NA,NA,NA,NA,NA,NA,NA,NA,NA,NA,NA,NA,NA,NA,NA,NA
"Wilmer Flores_NYM",NA,NA,NA,NA,16,5,0,NA,NA,NA,NA,19,0,3,3,NA,NA,NA,NA,NA,NA,NA,NA,NA,NA,NA,NA,NA,NA,NA,NA,NA,NA
"Danny Valencia_SEA",NA,NA,8,0,2,3,5,2,2,3,NA,NA,2,8,10,2,0,NA,9,0,0,NA,NA,NA,15,NA,NA,0,NA,NA,14,5,29
"Delino DeShields_TEX",NA,NA,NA,0,NA,NA,NA,5,NA,NA,NA,NA,NA,0,NA,NA,NA,NA,7,0,NA,NA,NA,NA,30,NA,10,4,12,5,14,0,5
"Howie Kendrick_PHI",NA,11,NA,2,NA,NA,31,9,7,7,0,NA,NA,5,NA,NA,NA,NA,NA,NA,NA,NA,NA,NA,NA,NA,NA,NA,NA,NA,NA,NA,NA
"Freddy Galvis_PHI",NA,21,NA,0,NA,NA,2,8,3,0,0,NA,NA,9,5,NA,5,13,5,5,5,5,NA,NA,17,13,14,3,7,18,0,4,3
"Rhys Hoskins_PHI",NA,NA,NA,NA,NA,NA,NA,NA,NA,NA,NA,NA,NA,NA,NA,NA,NA,NA,NA,NA,NA,NA,NA,NA,NA,NA,NA,NA,NA,NA,NA,NA,NA
"Tony Wolters_COL",NA,10,2,0,NA,NA,NA,14,0,5,NA,NA,3,NA,5,NA,NA,NA,NA,13,NA,4,13,16,5,NA,NA,3,NA,NA,0,NA,NA
"Kike Hernandez_LAD",NA,NA,NA,NA,NA,NA,NA,NA,NA,NA,NA,NA,NA,NA,NA,NA,NA,NA,NA,NA,NA,NA,NA,NA,NA,NA,NA,NA,NA,NA,NA,NA,NA
"Trayce Thompson_LAD",NA,NA,NA,NA,NA,NA,NA,NA,NA,NA,NA,0,NA,0,NA,NA,NA,NA,NA,NA,NA,NA,NA,NA,NA,NA,NA,NA,NA,NA,NA,NA,NA
"Alex Dickerson_SD",NA,NA,NA,NA,NA,NA,NA,NA,NA,NA,NA,NA,NA,NA,NA,NA,NA,NA,NA,NA,NA,NA,NA,NA,NA,NA,NA,NA,NA,NA,NA,NA,NA
"Hunter Renfroe_SD",NA,0,3,14,NA,NA,10,0,19,0,5,NA,0,17,3,0,6,0,0,8,5,16,3,7,14,0,NA,2,0,NA,0,3,7
"Cory Spangenberg_SD",NA,NA,NA,NA,NA,NA,NA,NA,NA,NA,NA,NA,NA,NA,NA,NA,NA,NA,NA,NA,NA,NA,NA,3,10,NA,10,4,NA,NA,7,5,NA
"Yadier Molina_STL",10,NA,3,NA,NA,0,9,3,10,4,NA,NA,2,0,14,NA,0,3,5,3,11,NA,NA,8,NA,NA,7,NA,0,3,6,NA,12
"Jorge Bonifacio_KC",NA,NA,NA,NA,NA,NA,NA,NA,NA,NA,NA,NA,NA,NA,NA,NA,NA,NA,NA,NA,NA,17,0,5,8,NA,5,NA,3,21,2,2,0
"Tyler Naquin_CLE",NA,NA,NA,NA,NA,12,0,NA,NA,NA,NA,NA,NA,NA,NA,NA,NA,NA,NA,NA,NA,NA,NA,NA,NA,NA,NA,NA,NA,NA,NA,NA,NA
"Cody Asche_CWS",NA,NA,NA,NA,NA,0,NA,3,NA,NA,6,7,NA,0,NA,NA,NA,0,NA,0,0,NA,NA,NA,NA,NA,NA,5,3,NA,NA,0,9
"Joey Rickard_BAL",NA,NA,NA,0,NA,NA,NA,NA,NA,NA,NA,NA,NA,NA,NA,NA,NA,NA,NA,NA,NA,NA,NA,NA,NA,NA,12,NA,13,NA,0,8,NA
"Francisco Cervelli_PIT",NA,9,NA,3,NA,NA,5,NA,6,4,5,NA,NA,14,3,5,3,NA,NA,0,7,NA,0,2,9,NA,23,4,NA,NA,NA,NA,12
"David Freese_PIT",NA,8,NA,5,NA,NA,NA,NA,2,5,19,9,NA,0,2,2,8,3,NA,10,14,2,5,NA,NA,NA,NA,NA,NA,NA,NA,NA,NA
"Jordy Mercer_PIT",NA,5,NA,0,NA,NA,7,5,2,2,5,7,NA,NA,9,0,9,0,NA,18,7,4,0,3,5,NA,20,8,0,0,15,9,NA
"Adam Frazier_PIT",NA,7,NA,3,NA,NA,5,13,2,NA,0,NA,NA,17,26,0,5,NA,NA,NA,10,NA,NA,NA,NA,NA,NA,NA,NA,NA,NA,NA,NA
"Josh Phegley_OAK",NA,NA,NA,NA,NA,NA,NA,6,NA,NA,NA,NA,0,NA,NA,NA,NA,11,7,NA,0,NA,NA,NA,NA,0,NA,NA,7,NA,NA,0,NA
"Mark Canha_OAK",NA,NA,NA,NA,NA,NA,0,7,NA,NA,NA,0,3,NA,NA,NA,NA,NA,NA,NA,NA,NA,NA,NA,NA,NA,NA,NA,NA,NA,NA,NA,NA
"Derek Dietrich_MIA",NA,0,NA,4,NA,21,2,10,NA,2,NA,7,2,0,0,NA,8,NA,NA,NA,3,NA,NA,NA,NA,NA,3,NA,NA,NA,NA,NA,0
"Justin Bour_MIA",NA,0,NA,2,NA,9,4,0,NA,7,NA,9,3,14,2,0,19,3,NA,3,NA,18,NA,NA,7,0,0,3,35,3,5,0,7
"Robinson Chirinos_TEX",NA,NA,0,NA,NA,NA,NA,25,NA,NA,NA,18,NA,NA,NA,NA,NA,0,NA,30,NA,18,NA,NA,7,NA,NA,NA,0,NA,NA,NA,6
"Leonys Martin_SEA",NA,NA,0,12,0,NA,0,3,8,0,0,NA,NA,5,12,10,NA,4,4,NA,NA,NA,NA,NA,NA,NA,NA,NA,NA,NA,NA,NA,NA
"Jurickson Profar_TEX",NA,NA,NA,NA,NA,4,NA,NA,NA,NA,5,9,5,NA,7,4,2,0,NA,4,0,7,0,NA,NA,NA,NA,NA,NA,NA,NA,NA,NA
"Taylor Motter_SEA",NA,NA,NA,NA,NA,NA,NA,4,NA,17,21,NA,3,20,2,17,0,2,23,5,2,25,NA,10,8,2,0,NA,NA,NA,NA,NA,NA
"Daniel Nava_PHI",NA,NA,NA,NA,NA,NA,NA,NA,NA,NA,NA,NA,NA,NA,9,NA,7,NA,7,NA,NA,9,NA,NA,NA,4,NA,8,6,NA,NA,9,NA
"Cameron Rupp_PHI",NA,0,NA,3,NA,NA,18,NA,4,2,0,NA,NA,NA,7,NA,8,7,NA,8,2,NA,NA,NA,0,NA,7,NA,15,5,4,NA,20
"Austin Barnes_LAD",NA,NA,NA,NA,NA,NA,NA,18,NA,NA,NA,NA,NA,14,NA,NA,0,NA,NA,NA,16,NA,NA,NA,NA,0,NA,NA,NA,NA,6,NA,NA
"Jace Peterson_ATL",NA,NA,NA,NA,NA,NA,13,7,NA,NA,5,NA,2,NA,0,3,2,0,5,NA,NA,2,NA,NA,NA,8,8,NA,5,NA,NA,9,NA
"Austin Jackson_CLE",NA,NA,10,0,NA,NA,NA,5,NA,NA,2,NA,9,NA,2,NA,NA,NA,NA,7,NA,8,NA,14,NA,NA,0,NA,NA,5,NA,NA,NA
"Yan Gomes_CLE",NA,NA,4,NA,NA,3,NA,6,NA,NA,NA,14,NA,0,0,7,NA,NA,NA,3,7,NA,NA,3,NA,11,0,0,NA,NA,8,8,NA
"Peter O'Brien_KC",NA,NA,NA,NA,NA,NA,NA,NA,NA,NA,NA,NA,NA,NA,NA,NA,NA,NA,NA,NA,NA,NA,NA,NA,NA,NA,NA,NA,NA,NA,NA,NA,NA
"Sandy Leon_BOS",NA,8,NA,26,NA,NA,NA,14,0,NA,3,NA,0,2,NA,NA,NA,0,NA,NA,0,NA,NA,NA,0,0,NA,NA,NA,3,3,NA,NA
"Chase d'Arnaud_BOS",NA,NA,NA,NA,NA,NA,NA,NA,NA,NA,NA,NA,NA,NA,NA,NA,NA,NA,NA,NA,NA,NA,NA,NA,NA,NA,NA,NA,NA,NA,NA,NA,NA
"Danny Santana_MIN",NA,NA,NA,NA,NA,NA,NA,NA,NA,NA,0,NA,NA,7,NA,NA,NA,NA,NA,NA,NA,0,NA,NA,NA,NA,NA,NA,NA,NA,NA,NA,17
"Steve Selsky_BOS",NA,NA,NA,NA,NA,NA,NA,5,NA,NA,NA,NA,NA,NA,NA,NA,NA,NA,NA,NA,NA,NA,NA,NA,NA,NA,NA,NA,NA,NA,NA,NA,NA
"Marco Hernandez_BOS",NA,NA,NA,NA,NA,NA,3,13,0,NA,NA,7,NA,NA,NA,NA,2,NA,NA,6,5,3,NA,NA,3,0,6,5,5,7,0,0,NA
"John Jaso_PIT",NA,NA,NA,NA,NA,NA,2,NA,NA,NA,NA,NA,NA,NA,NA,NA,NA,8,NA,NA,0,NA,NA,5,NA,NA,NA,18,7,NA,12,0,0
"Kirk Nieuwenhuis_MIL",NA,NA,NA,0,NA,NA,4,NA,NA,NA,0,NA,NA,NA,2,NA,NA,NA,11,NA,NA,NA,NA,NA,NA,NA,NA,NA,NA,NA,NA,NA,NA
"Danny Ortiz_PIT",NA,NA,NA,NA,NA,NA,NA,NA,NA,NA,NA,NA,NA,NA,NA,NA,NA,NA,NA,NA,NA,NA,NA,NA,NA,NA,NA,NA,NA,NA,NA,NA,NA
"Andrew Susac_MIL",NA,NA,NA,NA,NA,NA,NA,NA,NA,NA,NA,NA,NA,NA,NA,NA,NA,NA,NA,NA,NA,NA,NA,NA,NA,NA,NA,NA,NA,NA,NA,NA,NA
"Kevin Newman_PIT",NA,NA,NA,NA,NA,NA,NA,NA,NA,NA,NA,NA,NA,NA,NA,NA,NA,NA,NA,NA,NA,NA,NA,NA,NA,NA,NA,NA,NA,NA,NA,NA,NA
"Tim Beckham_TB",7,NA,3,0,0,7,0,NA,0,NA,3,NA,3,0,17,NA,21,0,NA,3,20,8,5,5,33,NA,12,4,NA,11,2,6,32
"Kevin Pillar_TOR",NA,7,NA,3,3,6,3,0,NA,0,3,5,8,3,21,NA,17,19,NA,5,16,16,2,16,NA,7,33,0,0,10,8,7,NA
"Jake Bauers_TB",NA,NA,NA,NA,NA,NA,NA,NA,NA,NA,NA,NA,NA,NA,NA,NA,NA,NA,NA,NA,NA,NA,NA,NA,NA,NA,NA,NA,NA,NA,NA,NA,NA
"Yonder Alonso_OAK",NA,NA,7,3,NA,14,21,NA,2,NA,5,NA,NA,11,NA,0,4,21,NA,17,NA,5,NA,0,21,7,3,3,NA,NA,17,21,4
"Yunel Escobar_LAA",NA,NA,5,4,NA,13,26,14,NA,15,0,0,5,0,2,2,10,8,NA,7,0,NA,2,0,0,5,14,2,12,NA,5,12,12
"Ben Revere_LAA",NA,NA,NA,NA,NA,NA,NA,11,NA,NA,7,NA,NA,10,0,0,NA,NA,NA,NA,NA,0,NA,NA,NA,3,NA,5,NA,NA,NA,13,3
"Travis d'Arnaud_NYM",NA,NA,NA,3,9,NA,2,NA,0,28,4,40,NA,NA,5,NA,0,0,NA,NA,NA,NA,NA,NA,0,2,36,4,NA,4,0,NA,NA
"Stephen Drew_WAS",NA,0,NA,NA,NA,NA,NA,0,25,0,NA,NA,NA,NA,NA,NA,NA,NA,NA,NA,NA,NA,NA,NA,NA,NA,NA,NA,NA,NA,NA,NA,NA
"Andrew Knapp_PHI",NA,NA,NA,NA,NA,NA,NA,9,NA,NA,NA,NA,NA,0,NA,NA,NA,NA,7,NA,NA,0,NA,NA,NA,5,NA,22,NA,NA,NA,3,NA
"Jeff Mathis_ARI",18,NA,0,NA,4,NA,5,NA,5,NA,0,NA,0,NA,NA,0,NA,0,NA,0,NA,NA,0,NA,0,NA,NA,14,NA,NA,NA,0,NA
"Rob Segedin_LAD",NA,NA,NA,NA,NA,NA,NA,NA,NA,NA,NA,NA,NA,NA,NA,5,NA,NA,NA,NA,NA,NA,NA,NA,NA,NA,NA,NA,NA,NA,NA,NA,NA
"Travis Jankowski_SD",NA,5,4,2,NA,NA,NA,6,0,3,NA,NA,9,NA,0,0,10,3,NA,3,0,NA,NA,NA,NA,NA,NA,NA,NA,NA,NA,NA,NA
"Jhonny Peralta_STL",3,NA,3,NA,NA,0,NA,0,5,0,NA,NA,2,2,NA,NA,NA,NA,NA,NA,NA,NA,NA,NA,NA,NA,NA,NA,NA,NA,NA,NA,NA
"Tyler Flowers_ATL",NA,3,NA,NA,3,NA,NA,8,NA,4,8,NA,10,NA,12,NA,NA,NA,NA,2,2,NA,NA,NA,18,NA,5,16,NA,3,NA,10,NA
"Giovanny Urshela_CLE",NA,NA,NA,NA,NA,NA,NA,NA,NA,NA,NA,NA,NA,NA,NA,NA,NA,NA,NA,NA,NA,NA,NA,NA,NA,NA,NA,NA,NA,NA,NA,NA,NA
"Ryan O'Hearn_KC",NA,NA,NA,NA,NA,NA,NA,NA,NA,NA,NA,NA,NA,NA,NA,NA,NA,NA,NA,NA,NA,NA,NA,NA,NA,NA,NA,NA,NA,NA,NA,NA,NA
"Jason Castro_MIN",NA,12,NA,NA,NA,NA,16,2,NA,NA,4,NA,2,NA,0,0,9,NA,NA,0,NA,0,NA,9,NA,NA,2,NA,3,NA,16,0,NA
"Geovany Soto_CWS",NA,NA,NA,NA,NA,2,14,NA,NA,NA,NA,NA,NA,NA,NA,NA,NA,NA,NA,NA,0,NA,0,NA,3,NA,7,NA,4,NA,12,NA,2
"Omar Narvaez_CWS",NA,NA,NA,NA,NA,NA,NA,0,NA,NA,0,10,NA,3,NA,NA,0,0,NA,5,NA,9,NA,16,NA,NA,NA,6,NA,5,NA,0,NA
"Willy Garcia_CWS",NA,NA,NA,NA,NA,NA,NA,NA,NA,NA,NA,NA,NA,NA,3,NA,NA,NA,NA,NA,NA,NA,NA,NA,NA,NA,NA,NA,NA,NA,2,NA,NA
"Jose Osuna_PIT",NA,NA,NA,NA,NA,NA,NA,NA,NA,NA,NA,NA,NA,NA,NA,NA,NA,NA,NA,12,NA,0,20,NA,0,NA,20,NA,NA,2,13,NA,NA
"Jed Lowrie_OAK",NA,NA,24,0,NA,4,15,2,0,NA,13,8,3,5,NA,2,2,NA,10,7,13,0,NA,3,10,9,8,17,0,NA,3,NA,10
"Danny Espinosa_LAA",NA,NA,18,9,NA,2,5,2,NA,20,2,21,0,3,0,3,3,12,NA,10,0,NA,2,5,13,NA,2,0,0,NA,0,NA,4
"Andrelton Simmons_LAA",NA,NA,7,12,NA,11,3,16,NA,2,7,3,2,0,NA,0,17,2,NA,3,23,6,7,3,11,0,3,3,5,NA,7,2,2
"Derek Fisher_HOU",NA,NA,NA,NA,NA,NA,NA,NA,NA,NA,NA,NA,NA,NA,NA,NA,NA,NA,NA,NA,NA,NA,NA,NA,NA,NA,NA,NA,NA,NA,NA,NA,NA
"Brandon Nimmo_NYM",NA,NA,NA,NA,NA,NA,NA,NA,NA,NA,NA,NA,NA,NA,NA,NA,NA,NA,NA,NA,NA,NA,NA,NA,NA,NA,NA,NA,NA,NA,NA,NA,NA
"TJ Rivera_NYM",NA,NA,NA,NA,NA,NA,NA,NA,NA,NA,NA,0,NA,NA,NA,NA,NA,NA,NA,3,0,NA,NA,NA,NA,NA,21,8,0,5,7,17,NA
"Jarrod Dyson_SEA",NA,NA,5,8,5,2,2,NA,9,7,9,NA,13,2,NA,13,0,7,12,3,11,9,NA,5,18,0,3,0,NA,NA,5,13,9
"Wilmer Difo_WAS",NA,NA,NA,NA,NA,NA,NA,NA,NA,3,5,NA,NA,0,3,NA,7,14,2,6,NA,NA,NA,NA,NA,14,NA,NA,NA,NA,NA,NA,NA
"Cristhian Adames_COL",NA,NA,NA,NA,NA,NA,NA,NA,NA,0,NA,NA,NA,NA,NA,NA,NA,NA,NA,NA,NA,NA,NA,NA,NA,NA,NA,NA,NA,NA,NA,NA,NA
"Ryan Hanigan_COL",NA,NA,NA,NA,NA,NA,NA,NA,NA,NA,NA,NA,NA,NA,NA,NA,NA,NA,NA,NA,NA,NA,NA,NA,NA,NA,NA,NA,NA,NA,NA,NA,NA
"Andre Ethier_LAD",NA,NA,NA,NA,NA,NA,NA,NA,NA,NA,NA,NA,NA,NA,NA,NA,NA,NA,NA,NA,NA,NA,NA,NA,NA,NA,NA,NA,NA,NA,NA,NA,NA
"Matt Adams_STL",NA,NA,NA,NA,NA,NA,6,3,NA,NA,0,NA,3,NA,0,NA,NA,NA,NA,NA,NA,NA,NA,2,NA,17,NA,NA,NA,NA,NA,NA,NA
"Terrance Gore_KC",NA,NA,NA,NA,NA,NA,NA,NA,NA,NA,NA,NA,NA,NA,NA,NA,NA,NA,NA,NA,NA,NA,NA,NA,NA,NA,NA,NA,NA,NA,NA,NA,NA
"Yandy Diaz_CLE",NA,NA,0,10,NA,4,3,5,NA,NA,2,8,9,9,3,3,2,NA,NA,NA,NA,NA,NA,NA,NA,NA,NA,NA,NA,NA,NA,NA,NA
"Chris Gimenez_MIN",NA,NA,NA,NA,NA,10,NA,NA,NA,NA,NA,9,NA,5,NA,NA,NA,NA,NA,NA,0,NA,4,NA,2,NA,NA,NA,NA,NA,NA,NA,3
"Christian Vazquez_BOS",NA,NA,NA,NA,NA,NA,9,NA,NA,32,NA,0,NA,NA,13,NA,3,NA,NA,3,NA,5,NA,NA,NA,NA,8,3,0,NA,NA,0,3
"Eduardo Escobar_MIN",NA,NA,NA,NA,NA,9,3,NA,NA,NA,0,NA,NA,7,NA,5,NA,NA,NA,NA,3,0,NA,NA,16,NA,NA,NA,NA,NA,NA,10,16
"Deven Marrero_BOS",NA,NA,NA,NA,NA,NA,NA,NA,NA,NA,NA,NA,NA,NA,NA,NA,NA,NA,NA,NA,NA,NA,NA,NA,NA,NA,NA,NA,NA,NA,NA,NA,NA
"Josh Rutledge_BOS",NA,NA,NA,NA,NA,NA,NA,NA,NA,NA,NA,NA,NA,NA,NA,NA,NA,NA,NA,NA,NA,NA,NA,NA,0,NA,NA,NA,NA,NA,NA,NA,6
"Ryan Flaherty_BAL",NA,NA,NA,NA,NA,NA,NA,NA,NA,NA,NA,NA,NA,2,NA,NA,NA,NA,NA,NA,NA,NA,NA,NA,9,NA,NA,NA,NA,0,NA,NA,NA
"Yolmer Sanchez_CWS",NA,NA,NA,NA,NA,NA,NA,NA,NA,NA,NA,NA,NA,NA,NA,NA,NA,NA,NA,NA,NA,NA,NA,NA,NA,NA,NA,NA,NA,NA,NA,NA,NA
"Manny Pina_MIL",NA,NA,NA,0,NA,5,NA,NA,NA,11,NA,5,24,NA,7,NA,7,NA,NA,8,NA,16,10,8,NA,NA,NA,0,NA,8,NA,NA,NA
"Chris Coghlan_TOR",NA,NA,NA,NA,NA,NA,NA,NA,NA,NA,NA,NA,NA,NA,5,NA,NA,NA,NA,11,NA,0,3,NA,NA,10,NA,0,NA,17,5,NA,NA
"Peter Bourjos_TB",NA,NA,2,NA,NA,11,NA,NA,NA,NA,3,NA,NA,0,NA,NA,NA,NA,NA,NA,NA,NA,NA,5,NA,NA,NA,0,NA,0,NA,15,NA
"Derek Norris_TB",3,NA,0,14,NA,11,5,NA,0,NA,3,NA,2,0,NA,NA,8,0,NA,0,3,NA,2,2,5,NA,19,NA,3,9,10,NA,7
"Justin Smoak_TOR",NA,NA,NA,10,3,9,3,0,NA,0,NA,NA,19,0,NA,NA,21,0,NA,11,21,3,5,NA,NA,NA,0,24,3,5,5,7,NA
"Dalton Pompey_TOR",NA,NA,NA,NA,NA,NA,NA,NA,NA,NA,NA,NA,NA,NA,NA,NA,NA,NA,NA,NA,NA,NA,NA,NA,NA,NA,NA,NA,NA,NA,NA,NA,NA
"Rowdy Tellez_TOR",NA,NA,NA,NA,NA,NA,NA,NA,NA,NA,NA,NA,NA,NA,NA,NA,NA,NA,NA,NA,NA,NA,NA,NA,NA,NA,NA,NA,NA,NA,NA,NA,NA
"Jake Smolinski_OAK",NA,NA,NA,NA,NA,NA,NA,NA,NA,NA,NA,NA,NA,NA,NA,NA,NA,NA,NA,NA,NA,NA,NA,NA,NA,NA,NA,NA,NA,NA,NA,NA,NA
"Ryan LaMarre_OAK",NA,NA,NA,NA,NA,NA,NA,NA,NA,NA,NA,NA,NA,NA,NA,NA,NA,NA,NA,NA,NA,NA,NA,NA,NA,NA,NA,2,0,NA,NA,NA,NA
"JaCoby Jones_DET",NA,NA,NA,NA,NA,NA,9,NA,0,NA,NA,15,3,NA,NA,NA,0,0,NA,0,2,NA,NA,NA,NA,NA,NA,NA,NA,NA,NA,NA,NA
"James McCann_DET",NA,NA,NA,NA,NA,NA,16,NA,0,NA,0,0,NA,0,NA,NA,NA,6,NA,16,4,NA,NA,27,3,0,NA,0,NA,2,NA,NA,NA
"Destin Hood_MIA",NA,NA,NA,NA,NA,NA,NA,NA,NA,NA,NA,NA,NA,NA,NA,NA,NA,NA,NA,NA,NA,NA,NA,NA,NA,NA,NA,NA,NA,NA,NA,NA,NA
"Pete Kozma_TEX",NA,NA,NA,NA,NA,NA,NA,NA,NA,NA,NA,NA,NA,NA,NA,NA,NA,NA,NA,NA,NA,NA,NA,NA,NA,NA,NA,NA,NA,NA,NA,NA,NA
"Mike Zunino_SEA",NA,NA,3,5,NA,3,5,NA,7,NA,3,NA,0,5,NA,0,NA,11,9,NA,0,5,NA,10,5,NA,0,0,NA,NA,2,7,2
"Brett Nicholas_TEX",NA,NA,NA,NA,NA,NA,NA,NA,NA,NA,NA,NA,NA,NA,NA,NA,NA,NA,NA,NA,NA,NA,NA,NA,NA,NA,NA,NA,NA,NA,NA,NA,NA
"Ben Gamel_SEA",NA,NA,NA,NA,NA,NA,NA,NA,NA,NA,NA,NA,NA,NA,NA,NA,NA,NA,NA,NA,NA,NA,NA,NA,4,8,21,2,5,NA,6,12,25
"Chris Heisey_WAS",NA,NA,NA,NA,NA,NA,NA,NA,NA,NA,NA,NA,NA,14,NA,NA,NA,NA,NA,3,NA,NA,NA,NA,NA,NA,NA,NA,NA,NA,NA,NA,NA
"Alexi Amarista_COL",NA,NA,NA,NA,NA,NA,NA,0,NA,NA,0,NA,NA,NA,NA,NA,NA,NA,NA,NA,NA,NA,NA,NA,NA,NA,NA,NA,NA,NA,NA,5,7
"Scott Van Slyke_LAD",NA,NA,NA,NA,NA,NA,NA,NA,NA,NA,NA,0,NA,NA,NA,2,NA,14,NA,NA,5,NA,NA,NA,NA,0,NA,NA,NA,NA,NA,NA,NA
"Kolten Wong_STL",NA,NA,3,NA,NA,3,6,NA,9,NA,0,NA,0,NA,NA,14,5,0,14,14,5,23,NA,5,NA,3,13,NA,3,7,10,NA,20
"Micah Johnson_ATL",NA,NA,NA,NA,NA,NA,NA,NA,NA,NA,NA,NA,NA,NA,NA,NA,NA,NA,NA,NA,NA,NA,NA,NA,NA,NA,NA,NA,NA,NA,NA,NA,NA
"Harrison Bader_STL",NA,NA,NA,NA,NA,NA,NA,NA,NA,NA,NA,NA,NA,NA,NA,NA,NA,NA,NA,NA,NA,NA,NA,NA,NA,NA,NA,NA,NA,NA,NA,NA,NA
"Christian Colon_KC",NA,NA,NA,NA,NA,NA,0,NA,NA,NA,NA,NA,NA,NA,2,NA,NA,NA,NA,NA,0,NA,NA,3,NA,NA,NA,NA,NA,5,3,NA,NA
"Paulo Orlando_KC",NA,0,NA,NA,NA,2,0,7,0,NA,NA,3,5,0,0,NA,NA,13,0,NA,NA,NA,NA,NA,NA,NA,NA,NA,NA,NA,NA,NA,NA
"Caleb Joseph_BAL",NA,NA,NA,NA,NA,NA,NA,0,NA,NA,NA,NA,0,NA,NA,NA,NA,NA,0,NA,10,NA,NA,0,NA,NA,NA,19,NA,7,0,3,3
"Kevan Smith_CWS",NA,NA,NA,NA,NA,NA,NA,NA,NA,NA,NA,NA,0,NA,0,7,NA,NA,NA,NA,NA,NA,NA,NA,NA,NA,NA,NA,NA,NA,NA,NA,NA
"Elias Diaz_PIT",NA,NA,NA,NA,NA,NA,NA,NA,NA,NA,NA,NA,NA,NA,NA,NA,NA,NA,NA,NA,NA,NA,NA,NA,NA,NA,NA,NA,NA,NA,NA,5,NA
"Phil Gosselin_PIT",NA,NA,NA,NA,NA,NA,NA,NA,NA,NA,NA,NA,NA,NA,NA,NA,NA,NA,NA,NA,NA,NA,NA,NA,NA,NA,NA,NA,NA,NA,NA,NA,NA
"Jett Bandy_MIL",NA,5,6,NA,NA,NA,16,7,NA,NA,5,NA,NA,0,NA,22,NA,16,16,NA,3,NA,NA,NA,19,NA,12,NA,0,NA,7,NA,0
"Rickie Weeks_TB",NA,NA,0,NA,NA,12,NA,NA,NA,NA,16,NA,NA,2,0,NA,NA,NA,NA,NA,NA,3,NA,7,NA,NA,NA,5,0,6,NA,13,NA
"Dixon Machado_DET",NA,NA,NA,NA,NA,NA,NA,NA,NA,NA,NA,NA,NA,NA,NA,NA,NA,NA,NA,NA,5,NA,NA,NA,0,NA,NA,NA,NA,NA,NA,NA,NA
"John Hicks_DET",NA,NA,NA,NA,NA,NA,NA,NA,NA,NA,NA,NA,NA,NA,NA,NA,NA,NA,NA,NA,NA,NA,NA,NA,7,NA,3,7,12,NA,NA,NA,NA
"Mikie Mahtook_DET",NA,NA,NA,NA,NA,NA,2,NA,0,NA,NA,NA,NA,NA,NA,NA,NA,NA,NA,3,9,NA,NA,NA,0,NA,NA,7,NA,NA,NA,NA,NA
"Tyler Collins_DET",NA,NA,NA,NA,NA,NA,NA,3,NA,NA,10,7,5,6,5,NA,0,0,NA,NA,NA,0,NA,23,NA,17,5,NA,5,25,0,4,NA
"Bruce Maxwell_OAK",NA,NA,NA,NA,NA,NA,NA,NA,NA,NA,NA,NA,NA,NA,NA,NA,NA,NA,NA,NA,NA,NA,NA,NA,NA,NA,NA,NA,NA,NA,NA,NA,NA
"Ichiro Suzuki_MIA",NA,NA,NA,NA,NA,NA,NA,NA,NA,NA,NA,NA,0,NA,NA,0,NA,17,NA,NA,NA,NA,NA,NA,NA,NA,NA,NA,NA,NA,NA,5,NA
"Juan Lagares_NYM",NA,NA,NA,NA,NA,NA,NA,NA,NA,NA,NA,NA,NA,2,NA,NA,NA,NA,NA,2,3,0,NA,NA,NA,NA,NA,NA,NA,NA,5,NA,NA
"Tyler Moore_MIA",NA,NA,NA,NA,NA,NA,NA,NA,NA,NA,3,NA,NA,NA,NA,NA,NA,NA,NA,NA,NA,NA,NA,NA,NA,NA,NA,NA,NA,NA,NA,NA,NA
"Ryan Rua_TEX",NA,NA,2,NA,NA,NA,0,14,NA,0,NA,NA,NA,0,NA,NA,NA,NA,3,NA,NA,9,NA,3,23,NA,5,NA,0,NA,NA,7,NA
"Brock Stassi_PHI",NA,NA,NA,NA,NA,NA,NA,NA,14,NA,NA,NA,NA,NA,0,NA,NA,NA,NA,NA,NA,3,NA,NA,NA,10,NA,18,NA,NA,NA,5,NA
"Christian Bethancourt_SD",NA,NA,NA,NA,NA,NA,NA,NA,NA,NA,NA,NA,NA,NA,NA,NA,NA,NA,NA,NA,NA,NA,NA,NA,NA,NA,NA,NA,NA,NA,NA,NA,NA
"Austin Hedges_SD",NA,0,0,2,NA,NA,2,2,NA,0,3,NA,5,19,NA,23,0,0,19,18,18,NA,16,0,5,NA,5,12,5,NA,0,0,0
"Jose Martinez_STL",NA,NA,NA,NA,NA,NA,NA,NA,NA,6,NA,NA,NA,3,NA,5,5,5,NA,5,8,NA,NA,NA,NA,NA,NA,NA,NA,NA,NA,NA,NA
"Rio Ruiz_ATL",NA,NA,NA,NA,NA,NA,NA,NA,NA,NA,NA,NA,NA,NA,NA,NA,NA,NA,NA,NA,NA,NA,NA,NA,NA,NA,NA,NA,NA,NA,NA,NA,NA
"Roberto Perez_CLE",NA,NA,NA,5,NA,NA,0,NA,NA,NA,0,NA,2,NA,NA,NA,3,NA,NA,NA,NA,2,NA,NA,0,NA,NA,NA,19,0,NA,NA,NA
"Francisco Pena_BAL",NA,NA,NA,NA,NA,NA,NA,NA,NA,NA,NA,NA,NA,NA,NA,NA,NA,NA,NA,NA,NA,NA,NA,NA,NA,NA,NA,NA,NA,NA,NA,NA,NA
"Jarrod Saltalamacchia_TOR",NA,NA,NA,NA,NA,5,NA,NA,NA,NA,NA,NA,NA,0,NA,NA,NA,NA,NA,NA,0,NA,NA,0,NA,2,NA,NA,NA,NA,NA,NA,NA
"Ezequiel Carrera_TOR",NA,10,NA,NA,NA,3,NA,0,NA,NA,NA,0,NA,3,6,NA,NA,5,NA,12,NA,15,6,7,NA,3,NA,3,NA,5,NA,NA,NA
"Curt Casali_TB",NA,NA,NA,NA,NA,NA,NA,NA,NA,NA,NA,NA,NA,NA,NA,NA,NA,NA,NA,NA,NA,NA,NA,NA,NA,NA,NA,NA,NA,NA,NA,NA,NA
"Logan Morrison_TB",24,NA,NA,8,5,NA,0,0,14,NA,NA,7,27,3,NA,NA,5,2,NA,14,6,2,7,4,9,NA,16,NA,9,NA,19,NA,3
"Matt Joyce_OAK",NA,NA,0,3,NA,21,4,NA,3,NA,7,NA,NA,2,NA,0,0,NA,NA,5,3,4,NA,0,21,0,4,NA,3,NA,9,12,18
"Jose Iglesias_DET",NA,NA,NA,NA,NA,NA,23,0,0,NA,0,15,17,7,12,NA,8,9,NA,NA,NA,NA,NA,NA,NA,0,5,0,14,4,NA,5,NA
"Jake Marisnick_HOU",NA,NA,NA,0,0,NA,5,NA,NA,NA,NA,NA,NA,10,NA,NA,NA,NA,NA,NA,3,0,NA,NA,NA,NA,NA,NA,NA,NA,3,NA,0
"Adeiny Hechavarria_MIA",NA,0,NA,3,NA,2,8,NA,NA,NA,NA,NA,NA,NA,NA,NA,NA,NA,NA,0,NA,3,NA,NA,15,5,13,0,NA,0,NA,17,3
"Matt Reynolds_NYM",NA,NA,NA,NA,NA,NA,NA,NA,NA,NA,NA,NA,NA,NA,NA,NA,NA,NA,NA,NA,NA,NA,NA,NA,NA,NA,NA,NA,5,NA,NA,NA,NA
"Kevin Plawecki_NYM",NA,NA,NA,NA,NA,NA,NA,NA,NA,NA,NA,NA,NA,NA,NA,NA,NA,NA,NA,NA,NA,0,NA,NA,NA,NA,NA,NA,NA,NA,NA,NA,NA
"Guillermo Heredia_SEA",NA,NA,NA,NA,NA,0,NA,NA,NA,NA,NA,NA,3,NA,24,NA,0,NA,NA,8,5,2,NA,10,19,3,3,2,11,NA,7,0,15
"Andres Blanco_PHI",NA,NA,NA,NA,NA,NA,NA,NA,NA,NA,NA,NA,NA,NA,NA,NA,NA,NA,NA,NA,NA,NA,NA,NA,NA,2,NA,NA,NA,NA,NA,NA,NA
"Jose Lobaton_WAS",NA,NA,NA,NA,NA,NA,NA,0,NA,NA,NA,NA,NA,4,NA,NA,NA,NA,NA,14,NA,NA,3,NA,2,NA,NA,0,NA,NA,0,NA,0
"Rafael Bautista_WAS",NA,NA,NA,NA,NA,NA,NA,NA,NA,NA,NA,NA,NA,NA,NA,NA,NA,NA,NA,NA,NA,NA,NA,NA,NA,NA,NA,NA,NA,NA,NA,NA,NA
"Erick Aybar_SD",NA,NA,15,2,NA,NA,NA,3,0,3,2,NA,4,0,2,NA,2,14,9,5,0,3,10,3,26,5,8,14,7,NA,2,14,0
"Greg Garcia_STL",NA,NA,NA,NA,NA,NA,NA,NA,NA,NA,12,NA,NA,NA,8,0,7,0,NA,NA,10,0,NA,NA,NA,18,NA,NA,NA,NA,NA,NA,NA
"Raul Mondesi_KC",NA,0,NA,NA,NA,13,NA,2,3,NA,18,5,0,0,NA,NA,2,NA,2,NA,NA,NA,NA,NA,NA,NA,NA,NA,NA,NA,NA,NA,NA
"Ehire Adrianza_MIN",NA,NA,NA,NA,NA,NA,NA,NA,NA,NA,NA,NA,NA,NA,NA,NA,NA,NA,NA,NA,NA,NA,NA,NA,NA,NA,NA,NA,NA,NA,NA,NA,NA
"Gift Ngoepe_PIT",NA,NA,NA,NA,NA,NA,NA,NA,NA,NA,NA,NA,NA,NA,NA,NA,NA,NA,NA,NA,NA,NA,NA,NA,NA,NA,NA,NA,NA,NA,NA,NA,NA
"Jesus Sucre_TB",NA,NA,NA,NA,0,NA,NA,21,NA,NA,NA,7,NA,NA,0,NA,NA,NA,NA,NA,NA,10,NA,NA,NA,NA,NA,5,NA,NA,NA,4,NA
"Daniel Robertson_TB",NA,NA,0,NA,NA,3,NA,8,NA,NA,5,0,NA,2,0,NA,NA,NA,NA,NA,NA,NA,NA,NA,NA,NA,NA,2,2,7,7,16,2
"Jim Adduci_DET",NA,NA,NA,NA,NA,NA,NA,NA,NA,NA,NA,NA,NA,NA,NA,NA,NA,NA,NA,NA,NA,NA,NA,18,NA,0,8,NA,13,0,0,8,NA
"Adam Rosales_OAK",NA,NA,NA,NA,NA,NA,NA,5,NA,NA,NA,5,3,2,NA,0,19,3,9,7,14,0,NA,3,6,0,2,NA,12,NA,0,9,5
"AJ Ellis_MIA",NA,NA,NA,NA,NA,2,NA,NA,NA,NA,NA,9,NA,0,NA,NA,3,NA,NA,NA,NA,NA,NA,NA,NA,NA,NA,NA,7,NA,NA,NA,NA
"Shawn O'Malley_SEA",NA,NA,NA,NA,NA,NA,NA,NA,NA,NA,NA,NA,NA,NA,NA,NA,NA,NA,NA,NA,NA,NA,NA,NA,NA,NA,NA,NA,NA,NA,NA,NA,NA
"Hanser Alberto_TEX",NA,NA,NA,NA,NA,NA,NA,NA,NA,NA,NA,NA,NA,NA,NA,NA,NA,NA,NA,NA,NA,NA,NA,NA,NA,NA,NA,NA,NA,NA,NA,NA,NA
"Luis Sardinas_SD",NA,NA,NA,NA,NA,NA,3,NA,NA,NA,NA,NA,NA,NA,NA,10,NA,NA,NA,NA,NA,0,NA,NA,NA,NA,NA,NA,NA,NA,NA,NA,NA
"Allen Cordoba_SD",NA,NA,NA,NA,NA,NA,5,NA,NA,NA,NA,NA,NA,5,NA,NA,NA,0,0,NA,NA,3,NA,NA,NA,2,NA,NA,NA,NA,NA,NA,NA
"Kurt Suzuki_ATL",NA,NA,NA,5,NA,NA,6,NA,NA,NA,NA,NA,NA,0,NA,5,4,NA,8,NA,NA,2,NA,NA,NA,24,NA,NA,0,NA,11,NA,NA
"Michael Martinez_CLE",NA,NA,NA,NA,NA,NA,NA,NA,NA,NA,NA,NA,NA,NA,NA,NA,NA,NA,NA,NA,NA,2,NA,NA,NA,NA,NA,NA,NA,5,NA,NA,NA
"Zack Collins_CWS",NA,NA,NA,NA,NA,NA,NA,NA,NA,NA,NA,NA,NA,NA,NA,NA,NA,NA,NA,NA,NA,NA,NA,NA,NA,NA,NA,NA,NA,NA,NA,NA,NA
"JT Riddle_MIA",NA,NA,NA,NA,NA,NA,NA,NA,NA,0,3,NA,NA,NA,NA,NA,2,NA,NA,NA,NA,NA,NA,NA,NA,NA,NA,NA,NA,NA,NA,NA,NA
"Carlos Ruiz_SEA",NA,NA,NA,NA,4,NA,NA,12,NA,4,NA,NA,NA,NA,0,NA,0,NA,NA,2,NA,NA,NA,NA,NA,2,NA,NA,3,NA,NA,NA,NA
"Boog Powell_SEA",NA,NA,NA,NA,NA,NA,NA,NA,NA,NA,NA,NA,NA,NA,NA,NA,NA,NA,NA,NA,NA,NA,NA,NA,NA,NA,NA,NA,NA,NA,NA,NA,NA
"Jabari Blash_SD",NA,NA,NA,NA,NA,NA,NA,NA,NA,NA,2,NA,NA,NA,NA,NA,NA,NA,NA,NA,NA,NA,4,18,4,NA,2,NA,0,NA,NA,NA,3
"Carson Kelly_STL",NA,NA,NA,NA,NA,NA,NA,NA,NA,NA,NA,NA,NA,NA,NA,NA,NA,NA,NA,NA,NA,NA,NA,NA,NA,NA,NA,NA,NA,NA,NA,NA,NA
"Chris Stewart_PIT",NA,NA,NA,NA,NA,NA,NA,3,NA,NA,NA,5,NA,NA,NA,NA,NA,0,NA,NA,NA,11,NA,NA,NA,NA,NA,NA,5,2,NA,NA,NA
"John Bormann_PIT",NA,NA,NA,NA,NA,NA,NA,NA,NA,NA,NA,NA,NA,NA,NA,NA,NA,NA,NA,NA,NA,NA,NA,NA,NA,NA,NA,NA,NA,NA,NA,NA,NA
"Darwin Barney_TOR",NA,NA,NA,NA,10,NA,NA,NA,NA,NA,0,3,5,NA,NA,NA,3,9,NA,NA,7,NA,NA,6,NA,10,10,0,4,NA,NA,10,NA
"Chad Pinder_OAK",NA,NA,NA,NA,NA,NA,NA,NA,NA,NA,NA,NA,NA,NA,NA,NA,NA,19,0,NA,0,NA,NA,NA,NA,NA,NA,5,5,NA,NA,5,14
"Martin Maldonado_LAA",NA,NA,9,5,NA,8,3,NA,NA,2,0,NA,5,2,NA,6,10,0,NA,7,NA,0,2,0,9,NA,3,0,14,NA,3,0,NA
"Juan Graterol_LAA",NA,NA,NA,NA,NA,NA,NA,NA,NA,NA,NA,NA,NA,NA,NA,NA,NA,NA,NA,NA,3,NA,NA,NA,NA,0,NA,NA,NA,NA,NA,NA,7
"Rene Rivera_NYM",NA,3,NA,NA,NA,8,NA,0,NA,NA,NA,NA,6,0,NA,NA,NA,NA,5,2,0,NA,NA,NA,NA,NA,NA,NA,17,NA,NA,19,NA
"Ty Kelly_PHI",NA,NA,NA,NA,NA,NA,NA,NA,NA,NA,NA,NA,NA,NA,NA,NA,NA,NA,NA,NA,NA,NA,NA,NA,NA,NA,NA,NA,NA,NA,NA,NA,NA
"Hector Sanchez_SD",NA,NA,NA,NA,NA,NA,NA,NA,NA,NA,NA,NA,NA,NA,0,NA,NA,NA,NA,NA,NA,NA,NA,NA,NA,NA,NA,NA,NA,NA,NA,NA,NA
"Eric Fryer_STL",NA,NA,NA,NA,NA,NA,NA,NA,NA,NA,2,NA,NA,NA,NA,0,NA,NA,NA,NA,NA,7,NA,NA,NA,0,NA,NA,NA,NA,NA,NA,NA
"Drew Butera_KC",NA,NA,NA,NA,NA,NA,0,NA,NA,NA,NA,NA,NA,NA,0,NA,NA,NA,NA,5,8,0,NA,NA,NA,NA,NA,NA,NA,NA,0,NA,NA
"Shane Peterson_TB",NA,NA,NA,NA,NA,NA,NA,NA,NA,NA,NA,NA,NA,NA,NA,NA,5,10,NA,3,7,5,9,NA,4,NA,3,NA,2,NA,NA,NA,NA
"Luke Maile_TOR",NA,NA,NA,NA,NA,NA,NA,NA,NA,NA,NA,NA,NA,NA,NA,NA,NA,NA,NA,NA,NA,NA,NA,NA,NA,NA,NA,NA,NA,2,NA,NA,NA
"Andrew Romine_DET",NA,NA,NA,NA,NA,NA,NA,12,12,NA,23,0,NA,0,0,NA,NA,7,NA,0,NA,6,NA,15,0,NA,NA,3,NA,NA,9,NA,NA
"Jaff Decker_OAK",NA,NA,NA,NA,NA,NA,NA,NA,NA,NA,NA,NA,NA,NA,NA,NA,7,3,7,6,2,0,NA,5,3,0,0,2,NA,NA,NA,NA,10
"Carlos Perez_LAA",NA,NA,NA,NA,NA,NA,NA,0,NA,NA,NA,0,NA,NA,0,NA,NA,NA,NA,NA,NA,NA,NA,NA,NA,NA,NA,NA,NA,NA,NA,NA,NA
"Miguel Rojas_MIA",NA,NA,NA,NA,NA,NA,15,5,NA,NA,0,9,15,9,7,0,NA,0,NA,NA,0,NA,NA,NA,NA,NA,NA,NA,7,NA,5,18,NA
"Mike Freeman_SEA",NA,NA,NA,NA,NA,NA,NA,NA,NA,NA,NA,NA,NA,NA,NA,NA,NA,0,NA,NA,0,2,NA,NA,NA,NA,NA,NA,NA,NA,NA,NA,NA
"Daniel Vogelbach_SEA",NA,NA,NA,NA,NA,NA,NA,NA,NA,NA,NA,NA,NA,NA,NA,NA,NA,NA,NA,NA,NA,NA,NA,NA,NA,NA,NA,NA,NA,NA,NA,NA,NA
"Grant Green_WAS",NA,NA,NA,NA,NA,NA,NA,NA,NA,NA,NA,NA,NA,NA,NA,NA,NA,NA,0,NA,NA,NA,NA,NA,NA,NA,NA,NA,NA,NA,NA,NA,NA
"Brett Eibner_LAD",NA,NA,NA,NA,NA,NA,NA,NA,NA,NA,NA,NA,NA,NA,NA,NA,NA,NA,NA,NA,3,NA,NA,NA,NA,NA,NA,NA,NA,NA,NA,NA,NA
"Emilio Bonifacio_ATL",NA,NA,NA,NA,NA,NA,NA,NA,NA,5,NA,NA,NA,NA,NA,NA,NA,NA,NA,NA,NA,NA,NA,NA,NA,NA,NA,NA,NA,NA,NA,NA,NA
"Anthony Recker_ATL",NA,NA,NA,NA,NA,NA,NA,NA,NA,NA,NA,NA,NA,NA,NA,NA,NA,0,NA,NA,NA,NA,NA,NA,NA,NA,NA,NA,NA,NA,NA,NA,NA
"Ryan Goins_TOR",NA,NA,NA,NA,NA,NA,NA,NA,NA,2,NA,NA,NA,0,10,NA,NA,NA,NA,4,7,16,3,10,NA,0,0,2,0,20,2,5,NA
"Matt Olson_OAK",NA,NA,NA,NA,NA,NA,NA,NA,NA,NA,NA,NA,NA,NA,NA,NA,NA,NA,NA,NA,NA,0,NA,NA,NA,NA,NA,NA,NA,NA,NA,NA,NA
"Cliff Pennington_LAA",NA,NA,NA,NA,NA,NA,NA,NA,NA,NA,NA,NA,NA,NA,3,NA,NA,NA,NA,NA,NA,0,NA,NA,NA,3,NA,NA,NA,NA,NA,12,NA
"Tony Kemp_HOU",NA,NA,NA,NA,NA,NA,NA,NA,NA,NA,NA,NA,NA,NA,NA,NA,NA,NA,NA,NA,NA,NA,NA,NA,NA,0,NA,NA,NA,NA,NA,NA,NA
"Drew Robinson_TEX",NA,NA,NA,NA,NA,NA,NA,NA,NA,NA,NA,NA,NA,NA,NA,NA,NA,NA,NA,NA,NA,NA,NA,NA,NA,NA,NA,NA,NA,NA,NA,NA,NA
"Luis Torrens_SD",NA,NA,NA,NA,NA,NA,NA,NA,2,NA,NA,NA,NA,NA,NA,NA,NA,NA,NA,NA,NA,0,NA,NA,NA,0,NA,NA,NA,NA,NA,NA,NA
"Lane Adams_ATL",NA,NA,NA,NA,NA,NA,NA,NA,NA,NA,NA,NA,NA,NA,NA,NA,NA,NA,NA,NA,NA,NA,NA,NA,NA,NA,NA,NA,NA,NA,NA,NA,NA
"Johan Camargo_ATL",NA,NA,NA,NA,NA,NA,NA,NA,NA,NA,NA,NA,NA,NA,NA,NA,NA,NA,NA,NA,NA,NA,NA,NA,NA,NA,NA,NA,NA,NA,NA,NA,NA
