QB,RB,RB,WR,WR,WR,TE,FLEX,DST
Jameis Winston (7642334),Devonta Freeman (7642423),Devontae Booker (7642445),Mike Evans (7642482),T.Y. Hilton (7642466),Amari Cooper (7642484),Gary Barnidge (7642604),Mohamed Sanu (7642524),Panthers  (7642932)
Jameis Winston (7642334),Devonta Freeman (7642423),Devontae Booker (7642445),Julio Jones (7642522),Mike Evans (7642482),T.Y. Hilton (7642466),Antonio Gates (7642624),Seth Roberts (7642485),Cardinals  (7642931)
Matt Ryan (7642352),David Johnson (7642452),Devontae Booker (7642445),Mike Evans (7642482),T.Y. Hilton (7642466),Ty Montgomery (7642527),Gary Barnidge (7642604),Mohamed Sanu (7642524),Cardinals  (7642931)
Jameis Winston (7642334),David Johnson (7642452),Devontae Booker (7642445),Mike Evans (7642482),T.Y. Hilton (7642466),Amari Cooper (7642484),Eric Ebron (7642599),Adam Humphries (7642483),Patriots  (7642928)
Jameis Winston (7642334),Spencer Ware (7642380),Mike Gillislee (7642434),Mike Evans (7642482),T.Y. Hilton (7642466),Amari Cooper (7642484),Jack Doyle (7642577),Devontae Booker (7642445),Cardinals  (7642931)
Jameis Winston (7642334),David Johnson (7642452),Spencer Ware (7642380),Mike Evans (7642482),T.Y. Hilton (7642466),Seth Roberts (7642485),Cameron Brate (7642586),Devontae Booker (7642445),Broncos  (7642929)
Matt Ryan (7642352),Devonta Freeman (7642423),Devontae Booker (7642445),Mike Evans (7642482),T.Y. Hilton (7642466),Jordy Nelson (7642519),Eric Ebron (7642599),Mohamed Sanu (7642524),Buccaneers  (7642918)
Matt Ryan (7642352),Devonta Freeman (7642423),Devontae Booker (7642445),Julio Jones (7642522),Mike Evans (7642482),Ty Montgomery (7642527),Gary Barnidge (7642604),Adam Humphries (7642483),Patriots  (7642928)
Jameis Winston (7642334),Spencer Ware (7642380),Devonta Freeman (7642423),Mike Evans (7642482),T.Y. Hilton (7642466),Ty Montgomery (7642527),Jack Doyle (7642577),Seth Roberts (7642485),Panthers  (7642932)
Jameis Winston (7642334),Spencer Ware (7642380),Devonta Freeman (7642423),Mike Evans (7642482),Amari Cooper (7642484),Ty Montgomery (7642527),Eric Ebron (7642599),Devontae Booker (7642445),Seahawks  (7642920)
Jameis Winston (7642334),David Johnson (7642452),Devonta Freeman (7642423),Mike Evans (7642482),Amari Cooper (7642484),Ty Montgomery (7642527),Gary Barnidge (7642604),Adam Humphries (7642483),Cardinals  (7642931)
Alex Smith (7642324),Devonta Freeman (7642423),Devontae Booker (7642445),Mike Evans (7642482),T.Y. Hilton (7642466),Jeremy Maclin (7642465),Gary Barnidge (7642604),Ty Montgomery (7642527),Seahawks  (7642920)
Jameis Winston (7642334),Spencer Ware (7642380),Devontae Booker (7642445),Julio Jones (7642522),Mike Evans (7642482),Amari Cooper (7642484),Gary Barnidge (7642604),Adam Humphries (7642483),Saints  (7642919)
Jameis Winston (7642334),David Johnson (7642452),Devonta Freeman (7642423),Mike Evans (7642482),T.Y. Hilton (7642466),Adam Humphries (7642483),Travis Kelce (7642574),Seth Roberts (7642485),Seahawks  (7642920)
Matt Ryan (7642352),Spencer Ware (7642380),Devonta Freeman (7642423),Mike Evans (7642482),T.Y. Hilton (7642466),Mohamed Sanu (7642524),Jack Doyle (7642577),Jeff Janis (7642531),Cardinals  (7642931)
Alex Smith (7642324),Spencer Ware (7642380),Devonta Freeman (7642423),Mike Evans (7642482),T.Y. Hilton (7642466),Jeremy Maclin (7642465),Eric Ebron (7642599),Adam Humphries (7642483),Panthers  (7642932)
Jameis Winston (7642334),Devonta Freeman (7642423),Theo Riddick (7642406),Mike Evans (7642482),T.Y. Hilton (7642466),Amari Cooper (7642484),Cameron Brate (7642586),Justin Hunter (7642537),Cardinals  (7642931)
Matt Ryan (7642352),Spencer Ware (7642380),Devonta Freeman (7642423),Julio Jones (7642522),Mike Evans (7642482),Jeff Janis (7642531),Cameron Brate (7642586),Devontae Booker (7642445),Saints  (7642919)
Matt Ryan (7642352),Spencer Ware (7642380),Devontae Booker (7642445),Julio Jones (7642522),Mike Evans (7642482),Ty Montgomery (7642527),Jack Doyle (7642577),Justin Hunter (7642537),Panthers  (7642932)
Matt Ryan (7642352),Devonta Freeman (7642423),Mike Gillislee (7642434),Julio Jones (7642522),T.Y. Hilton (7642466),Ty Montgomery (7642527),Jack Doyle (7642577),Devontae Booker (7642445),Cardinals  (7642931)
Jameis Winston (7642334),Isaiah Crowell (7642416),Devontae Booker (7642445),Mike Evans (7642482),T.Y. Hilton (7642466),Amari Cooper (7642484),Antonio Gates (7642624),Larry Fitzgerald (7642552),Seahawks  (7642920)
Jameis Winston (7642334),David Johnson (7642452),Devonta Freeman (7642423),Mike Evans (7642482),Amari Cooper (7642484),Justin Hunter (7642537),Jack Doyle (7642577),Devontae Booker (7642445),Broncos  (7642929)
Jameis Winston (7642334),Spencer Ware (7642380),Devonta Freeman (7642423),Julio Jones (7642522),Mike Evans (7642482),Mohamed Sanu (7642524),Cameron Brate (7642586),Seth Roberts (7642485),Seahawks  (7642920)
Derek Carr (7642332),Devonta Freeman (7642423),Mike Gillislee (7642434),Mike Evans (7642482),T.Y. Hilton (7642466),Amari Cooper (7642484),Cameron Brate (7642586),Devontae Booker (7642445),Seahawks  (7642920)
Jameis Winston (7642334),Mike Gillislee (7642434),Devontae Booker (7642445),Julio Jones (7642522),Mike Evans (7642482),Amari Cooper (7642484),Cameron Brate (7642586),Ty Montgomery (7642527),Panthers  (7642932)
Jameis Winston (7642334),Devonta Freeman (7642423),Devontae Booker (7642445),Julio Jones (7642522),T.Y. Hilton (7642466),Amari Cooper (7642484),Virgil Green (7642625),Adam Humphries (7642483),Seahawks  (7642920)
Matt Ryan (7642352),Theo Riddick (7642406),Devontae Booker (7642445),Julio Jones (7642522),Mike Evans (7642482),T.Y. Hilton (7642466),Antonio Gates (7642624),Jeff Janis (7642531),Panthers  (7642932)
Derek Carr (7642332),David Johnson (7642452),Devonta Freeman (7642423),Mike Evans (7642482),T.Y. Hilton (7642466),Seth Roberts (7642485),Jack Doyle (7642577),Devontae Booker (7642445),Patriots  (7642928)
Matt Ryan (7642352),Devonta Freeman (7642423),Mike Gillislee (7642434),Mike Evans (7642482),T.Y. Hilton (7642466),Ty Montgomery (7642527),Cameron Brate (7642586),Mohamed Sanu (7642524),Broncos  (7642929)
Matt Ryan (7642352),David Johnson (7642452),Devonta Freeman (7642423),Mike Evans (7642482),Jordy Nelson (7642519),Mohamed Sanu (7642524),Gary Barnidge (7642604),Adam Humphries (7642483),Seahawks  (7642920)
Jameis Winston (7642334),David Johnson (7642452),Devontae Booker (7642445),Julio Jones (7642522),Mike Evans (7642482),Ty Montgomery (7642527),Jack Doyle (7642577),Seth Roberts (7642485),Seahawks  (7642920)
Jameis Winston (7642334),Devonta Freeman (7642423),Devontae Booker (7642445),Mike Evans (7642482),Amari Cooper (7642484),Doug Baldwin (7642487),Virgil Green (7642625),Terrelle Pryor Sr. (7642509),Cardinals  (7642931)
Jameis Winston (7642334),Theo Riddick (7642406),Devontae Booker (7642445),Mike Evans (7642482),T.Y. Hilton (7642466),Amari Cooper (7642484),Virgil Green (7642625),Ty Montgomery (7642527),Broncos  (7642929)
Matt Ryan (7642352),Spencer Ware (7642380),Devonta Freeman (7642423),Mike Evans (7642482),Jeremy Maclin (7642465),Ty Montgomery (7642527),Gary Barnidge (7642604),Mohamed Sanu (7642524),Panthers  (7642932)
Alex Smith (7642324),David Johnson (7642452),Theo Riddick (7642406),Mike Evans (7642482),T.Y. Hilton (7642466),Jeremy Maclin (7642465),Eric Ebron (7642599),Devontae Booker (7642445),Cardinals  (7642931)
Alex Smith (7642324),Spencer Ware (7642380),Devonta Freeman (7642423),Mike Evans (7642482),T.Y. Hilton (7642466),Chris Conley (7642469),Travis Kelce (7642574),Devontae Booker (7642445),Cardinals  (7642931)
Jameis Winston (7642334),Spencer Ware (7642380),Devonta Freeman (7642423),Mike Evans (7642482),Larry Fitzgerald (7642552),Seth Roberts (7642485),Travis Kelce (7642574),Devontae Booker (7642445),Patriots  (7642928)
Matt Ryan (7642352),Spencer Ware (7642380),Devontae Booker (7642445),Julio Jones (7642522),T.Y. Hilton (7642466),Ty Montgomery (7642527),Eric Ebron (7642599),Adam Humphries (7642483),Broncos  (7642929)
Jameis Winston (7642334),Matt Forte (7642413),Theo Riddick (7642406),Mike Evans (7642482),T.Y. Hilton (7642466),Amari Cooper (7642484),Gary Barnidge (7642604),Adam Humphries (7642483),Seahawks  (7642920)
Jameis Winston (7642334),Devonta Freeman (7642423),Mike Gillislee (7642434),Mike Evans (7642482),T.Y. Hilton (7642466),Amari Cooper (7642484),Antonio Gates (7642624),Ty Montgomery (7642527),Saints  (7642919)
Aaron Rodgers (7642351),Spencer Ware (7642380),Devonta Freeman (7642423),Mike Evans (7642482),Jordy Nelson (7642519),Mohamed Sanu (7642524),Gary Barnidge (7642604),Devontae Booker (7642445),Cardinals  (7642931)
Jameis Winston (7642334),Devonta Freeman (7642423),Jacquizz Rodgers (7642386),Mike Evans (7642482),T.Y. Hilton (7642466),Emmanuel Sanders (7642543),Cameron Brate (7642586),Seth Roberts (7642485),Patriots  (7642928)
Jameis Winston (7642334),Spencer Ware (7642380),Devontae Booker (7642445),Mike Evans (7642482),T.Y. Hilton (7642466),Michael Crabtree (7642477),Gary Barnidge (7642604),Ty Montgomery (7642527),Browns  (7642923)
Matt Ryan (7642352),Devontae Booker (7642445),Bilal Powell (7642414),Julio Jones (7642522),Mike Evans (7642482),T.Y. Hilton (7642466),Virgil Green (7642625),Ty Montgomery (7642527),Saints  (7642919)
Jameis Winston (7642334),David Johnson (7642452),Devontae Booker (7642445),Mike Evans (7642482),Amari Cooper (7642484),Doug Baldwin (7642487),Gary Barnidge (7642604),Robert Woods (7642539),Seahawks  (7642920)
Andrew Luck (7642327),Spencer Ware (7642380),Devontae Booker (7642445),Mike Evans (7642482),T.Y. Hilton (7642466),Jeremy Maclin (7642465),Gary Barnidge (7642604),Mohamed Sanu (7642524),Patriots  (7642928)
Jameis Winston (7642334),Spencer Ware (7642380),Isaiah Crowell (7642416),Mike Evans (7642482),T.Y. Hilton (7642466),Amari Cooper (7642484),Cameron Brate (7642586),Adam Humphries (7642483),Panthers  (7642932)
Jameis Winston (7642334),Devonta Freeman (7642423),Bilal Powell (7642414),Julio Jones (7642522),Mike Evans (7642482),Amari Cooper (7642484),Eric Ebron (7642599),Adam Humphries (7642483),Panthers  (7642932)
Derek Carr (7642332),Spencer Ware (7642380),Devontae Booker (7642445),Mike Evans (7642482),T.Y. Hilton (7642466),Amari Cooper (7642484),Eric Ebron (7642599),Robert Woods (7642539),Panthers  (7642932)
Jameis Winston (7642334),Matt Forte (7642413),Devontae Booker (7642445),Mike Evans (7642482),T.Y. Hilton (7642466),Jordy Nelson (7642519),Travis Kelce (7642574),Seth Roberts (7642485),Panthers  (7642932)
Matt Ryan (7642352),David Johnson (7642452),Devontae Booker (7642445),Julio Jones (7642522),Mike Evans (7642482),Davante Adams (7642528),Eric Ebron (7642599),Adam Humphries (7642483),Cardinals  (7642931)
Matt Ryan (7642352),Devonta Freeman (7642423),Devontae Booker (7642445),Julio Jones (7642522),T.Y. Hilton (7642466),Davante Adams (7642528),Gary Barnidge (7642604),Mohamed Sanu (7642524),Seahawks  (7642920)
Jameis Winston (7642334),David Johnson (7642452),Bilal Powell (7642414),Mike Evans (7642482),T.Y. Hilton (7642466),Amari Cooper (7642484),Virgil Green (7642625),Mohamed Sanu (7642524),Cardinals  (7642931)
Jameis Winston (7642334),Theo Riddick (7642406),Devontae Booker (7642445),Mike Evans (7642482),Amari Cooper (7642484),Larry Fitzgerald (7642552),Gary Barnidge (7642604),Demaryius Thomas (7642544),Cardinals  (7642931)
Jameis Winston (7642334),Spencer Ware (7642380),Devonta Freeman (7642423),T.Y. Hilton (7642466),Amari Cooper (7642484),Jordan Matthews (7642567),Gary Barnidge (7642604),Adam Humphries (7642483),Patriots  (7642928)
Matt Ryan (7642352),David Johnson (7642452),Devontae Booker (7642445),Julio Jones (7642522),Mike Evans (7642482),Mohamed Sanu (7642524),Jack Doyle (7642577),Jeff Janis (7642531),Patriots  (7642928)
Derek Carr (7642332),Spencer Ware (7642380),Devonta Freeman (7642423),Mike Evans (7642482),T.Y. Hilton (7642466),Jordan Matthews (7642567),Cameron Brate (7642586),Seth Roberts (7642485),Cardinals  (7642931)
Jameis Winston (7642334),Jacquizz Rodgers (7642386),Devontae Booker (7642445),Mike Evans (7642482),Amari Cooper (7642484),Jordy Nelson (7642519),Gary Barnidge (7642604),Ty Montgomery (7642527),Patriots  (7642928)
Jameis Winston (7642334),David Johnson (7642452),Theo Riddick (7642406),Mike Evans (7642482),T.Y. Hilton (7642466),Terrelle Pryor Sr. (7642509),Jack Doyle (7642577),Seth Roberts (7642485),Cardinals  (7642931)
Matt Ryan (7642352),Spencer Ware (7642380),Theo Riddick (7642406),Mike Evans (7642482),T.Y. Hilton (7642466),Ty Montgomery (7642527),Virgil Green (7642625),Mohamed Sanu (7642524),Seahawks  (7642920)
Jameis Winston (7642334),Devonta Freeman (7642423),Isaiah Crowell (7642416),Mike Evans (7642482),T.Y. Hilton (7642466),Amari Cooper (7642484),Jack Doyle (7642577),Bilal Powell (7642414),Patriots  (7642928)
Jameis Winston (7642334),David Johnson (7642452),Isaiah Crowell (7642416),Mike Evans (7642482),Amari Cooper (7642484),Jordy Nelson (7642519),Cameron Brate (7642586),Devontae Booker (7642445),Cardinals  (7642931)
Alex Smith (7642324),Mike Gillislee (7642434),Devontae Booker (7642445),Julio Jones (7642522),Mike Evans (7642482),T.Y. Hilton (7642466),Antonio Gates (7642624),Jeremy Maclin (7642465),Buccaneers  (7642918)
Matt Ryan (7642352),David Johnson (7642452),Devonta Freeman (7642423),Julio Jones (7642522),Mike Evans (7642482),Adam Humphries (7642483),Antonio Gates (7642624),Jeff Janis (7642531),Buccaneers  (7642918)
Andrew Luck (7642327),Devonta Freeman (7642423),Mike Gillislee (7642434),Mike Evans (7642482),T.Y. Hilton (7642466),Jeremy Maclin (7642465),Jack Doyle (7642577),Devontae Booker (7642445),Broncos  (7642929)
Jameis Winston (7642334),David Johnson (7642452),Devonta Freeman (7642423),Mike Evans (7642482),Doug Baldwin (7642487),Demaryius Thomas (7642544),Cameron Brate (7642586),Seth Roberts (7642485),Cardinals  (7642931)
Jameis Winston (7642334),Devonta Freeman (7642423),Devontae Booker (7642445),Julio Jones (7642522),Mike Evans (7642482),Amari Cooper (7642484),Charles Clay (7642620),Jeff Janis (7642531),Chiefs  (7642916)
Jameis Winston (7642334),Devonta Freeman (7642423),Devontae Booker (7642445),Mike Evans (7642482),T.Y. Hilton (7642466),Michael Crabtree (7642477),Eric Ebron (7642599),Terrelle Pryor Sr. (7642509),Saints  (7642919)
Matt Ryan (7642352),David Johnson (7642452),Devontae Booker (7642445),Julio Jones (7642522),T.Y. Hilton (7642466),Ty Montgomery (7642527),Cameron Brate (7642586),Justin Hunter (7642537),Buccaneers  (7642918)
Ryan Fitzpatrick (7642345),Devonta Freeman (7642423),Devontae Booker (7642445),Mike Evans (7642482),Brandon Marshall (7642507),Terrelle Pryor Sr. (7642509),Gary Barnidge (7642604),Ty Montgomery (7642527),Panthers  (7642932)
Jameis Winston (7642334),David Johnson (7642452),Spencer Ware (7642380),Julio Jones (7642522),Mike Evans (7642482),Adam Humphries (7642483),Antonio Gates (7642624),Seth Roberts (7642485),Patriots  (7642928)
Matt Ryan (7642352),Spencer Ware (7642380),Mike Gillislee (7642434),Julio Jones (7642522),Mike Evans (7642482),Ty Montgomery (7642527),Cameron Brate (7642586),Adam Humphries (7642483),Seahawks  (7642920)
Carson Palmer (7642366),Devonta Freeman (7642423),Devontae Booker (7642445),Mike Evans (7642482),T.Y. Hilton (7642466),Larry Fitzgerald (7642552),Jack Doyle (7642577),Ted Ginn Jr. (7642553),Buccaneers  (7642918)
Derek Carr (7642332),Devontae Booker (7642445),Bilal Powell (7642414),Mike Evans (7642482),T.Y. Hilton (7642466),Amari Cooper (7642484),Gary Barnidge (7642604),Jordy Nelson (7642519),Cardinals  (7642931)
Aaron Rodgers (7642351),Devonta Freeman (7642423),Devontae Booker (7642445),Julio Jones (7642522),Mike Evans (7642482),Ty Montgomery (7642527),Cameron Brate (7642586),Justin Hunter (7642537),Cardinals  (7642931)
Matt Ryan (7642352),Jacquizz Rodgers (7642386),Devontae Booker (7642445),Julio Jones (7642522),Mike Evans (7642482),Jordy Nelson (7642519),Virgil Green (7642625),Adam Humphries (7642483),Panthers  (7642932)
Matt Ryan (7642352),Spencer Ware (7642380),Bilal Powell (7642414),Mike Evans (7642482),T.Y. Hilton (7642466),Jordy Nelson (7642519),Gary Barnidge (7642604),Mohamed Sanu (7642524),Saints  (7642919)
Jameis Winston (7642334),Spencer Ware (7642380),Devonta Freeman (7642423),Mike Evans (7642482),Amari Cooper (7642484),Adam Humphries (7642483),Virgil Green (7642625),Jacquizz Rodgers (7642386),Broncos  (7642929)
Matt Ryan (7642352),Devonta Freeman (7642423),Jacquizz Rodgers (7642386),Mike Evans (7642482),Larry Fitzgerald (7642552),Ty Montgomery (7642527),Eric Ebron (7642599),Mohamed Sanu (7642524),Cardinals  (7642931)
Matt Ryan (7642352),Mike Gillislee (7642434),Devontae Booker (7642445),Julio Jones (7642522),Mike Evans (7642482),Jordy Nelson (7642519),Cameron Brate (7642586),Mohamed Sanu (7642524),Cardinals  (7642931)
Jameis Winston (7642334),Spencer Ware (7642380),Devonta Freeman (7642423),Mike Evans (7642482),Amari Cooper (7642484),Demaryius Thomas (7642544),Antonio Gates (7642624),Isaiah Crowell (7642416),Cardinals  (7642931)
Aaron Rodgers (7642351),Devonta Freeman (7642423),Theo Riddick (7642406),Mike Evans (7642482),T.Y. Hilton (7642466),Ty Montgomery (7642527),Gary Barnidge (7642604),Mohamed Sanu (7642524),Buccaneers  (7642918)
Alex Smith (7642324),David Johnson (7642452),Devontae Booker (7642445),Mike Evans (7642482),T.Y. Hilton (7642466),Jordy Nelson (7642519),Cameron Brate (7642586),Chris Conley (7642469),Seahawks  (7642920)
Jameis Winston (7642334),Devonta Freeman (7642423),Mike Gillislee (7642434),Mike Evans (7642482),Amari Cooper (7642484),Jordy Nelson (7642519),Travis Kelce (7642574),Devontae Booker (7642445),Browns  (7642923)
Derek Carr (7642332),David Johnson (7642452),Devonta Freeman (7642423),Mike Evans (7642482),Amari Cooper (7642484),Mohamed Sanu (7642524),Eric Ebron (7642599),Devontae Booker (7642445),Cardinals  (7642931)
Matt Ryan (7642352),David Johnson (7642452),Jacquizz Rodgers (7642386),Mike Evans (7642482),T.Y. Hilton (7642466),Mohamed Sanu (7642524),Cameron Brate (7642586),Jeff Janis (7642531),Seahawks  (7642920)
Jameis Winston (7642334),Devonta Freeman (7642423),Mike Gillislee (7642434),Mike Evans (7642482),Amari Cooper (7642484),Larry Fitzgerald (7642552),Jack Doyle (7642577),Mohamed Sanu (7642524),Seahawks  (7642920)
Jameis Winston (7642334),Spencer Ware (7642380),Jacquizz Rodgers (7642386),Mike Evans (7642482),T.Y. Hilton (7642466),Adam Humphries (7642483),Rob Gronkowski (7642619),Seth Roberts (7642485),Cardinals  (7642931)
Alex Smith (7642324),Devonta Freeman (7642423),Isaiah Crowell (7642416),Mike Evans (7642482),T.Y. Hilton (7642466),Terrelle Pryor Sr. (7642509),Cameron Brate (7642586),Jeremy Maclin (7642465),Cardinals  (7642931)
Derek Carr (7642332),Spencer Ware (7642380),Devonta Freeman (7642423),Mike Evans (7642482),Amari Cooper (7642484),Jordan Matthews (7642567),Gary Barnidge (7642604),Devontae Booker (7642445),Falcons  (7642925)
Jameis Winston (7642334),Spencer Ware (7642380),Devontae Booker (7642445),Mike Evans (7642482),Amari Cooper (7642484),Emmanuel Sanders (7642543),Virgil Green (7642625),Jeremy Maclin (7642465),Panthers  (7642932)
Alex Smith (7642324),David Johnson (7642452),Jacquizz Rodgers (7642386),Mike Evans (7642482),T.Y. Hilton (7642466),Jeremy Maclin (7642465),Gary Barnidge (7642604),Adam Humphries (7642483),Buccaneers  (7642918)
Jameis Winston (7642334),Spencer Ware (7642380),Matt Forte (7642413),Mike Evans (7642482),T.Y. Hilton (7642466),Terrelle Pryor Sr. (7642509),Antonio Gates (7642624),Seth Roberts (7642485),Seahawks  (7642920)
Jameis Winston (7642334),Spencer Ware (7642380),Devontae Booker (7642445),Julio Jones (7642522),Mike Evans (7642482),Doug Baldwin (7642487),Charles Clay (7642620),Seth Roberts (7642485),Panthers  (7642932)
Jameis Winston (7642334),Devonta Freeman (7642423),Matt Forte (7642413),Mike Evans (7642482),T.Y. Hilton (7642466),Larry Fitzgerald (7642552),Charles Clay (7642620),Seth Roberts (7642485),Saints  (7642919)
Matt Ryan (7642352),David Johnson (7642452),Spencer Ware (7642380),Mike Evans (7642482),Jordy Nelson (7642519),Mohamed Sanu (7642524),Virgil Green (7642625),Devontae Booker (7642445),Browns  (7642923)
Jameis Winston (7642334),Spencer Ware (7642380),Devonta Freeman (7642423),Mike Evans (7642482),Amari Cooper (7642484),Jordan Matthews (7642567),Charles Clay (7642620),Mike Gillislee (7642434),Panthers  (7642932)
Jameis Winston (7642334),Spencer Ware (7642380),James White (7642435),Mike Evans (7642482),T.Y. Hilton (7642466),Amari Cooper (7642484),Eric Ebron (7642599),Mohamed Sanu (7642524),Saints  (7642919)
Matt Ryan (7642352),Theo Riddick (7642406),Devontae Booker (7642445),Julio Jones (7642522),T.Y. Hilton (7642466),Jordy Nelson (7642519),Gary Barnidge (7642604),Adam Humphries (7642483),Cardinals  (7642931)
Jameis Winston (7642334),David Johnson (7642452),Spencer Ware (7642380),Mike Evans (7642482),Amari Cooper (7642484),Jeff Janis (7642531),Travis Kelce (7642574),Devontae Booker (7642445),Lions  (7642922)
Jameis Winston (7642334),Jacquizz Rodgers (7642386),Devontae Booker (7642445),Julio Jones (7642522),Mike Evans (7642482),Amari Cooper (7642484),Eric Ebron (7642599),Mohamed Sanu (7642524),Falcons  (7642925)
Matt Ryan (7642352),Spencer Ware (7642380),Devontae Booker (7642445),Julio Jones (7642522),Mike Evans (7642482),Davante Adams (7642528),Gary Barnidge (7642604),Robert Woods (7642539),Buccaneers  (7642918)
Jameis Winston (7642334),Matt Forte (7642413),Devontae Booker (7642445),Julio Jones (7642522),Mike Evans (7642482),Larry Fitzgerald (7642552),Cameron Brate (7642586),Seth Roberts (7642485),Chiefs  (7642916)
Matt Ryan (7642352),Isaiah Crowell (7642416),Devontae Booker (7642445),Julio Jones (7642522),Mike Evans (7642482),Larry Fitzgerald (7642552),Antonio Gates (7642624),Ty Montgomery (7642527),Buccaneers  (7642918)
Matt Ryan (7642352),David Johnson (7642452),Devonta Freeman (7642423),Mike Evans (7642482),Terrelle Pryor Sr. (7642509),Ty Montgomery (7642527),Virgil Green (7642625),Mohamed Sanu (7642524),Buccaneers  (7642918)
Matt Ryan (7642352),Devonta Freeman (7642423),Jacquizz Rodgers (7642386),Mike Evans (7642482),T.Y. Hilton (7642466),Davante Adams (7642528),Virgil Green (7642625),Mohamed Sanu (7642524),Panthers  (7642932)
Russell Wilson (7642337),Devonta Freeman (7642423),Devontae Booker (7642445),Mike Evans (7642482),T.Y. Hilton (7642466),Brandin Cooks (7642494),Gary Barnidge (7642604),Jermaine Kearse (7642488),Cardinals  (7642931)
Jameis Winston (7642334),David Johnson (7642452),Devonta Freeman (7642423),Mike Evans (7642482),Amari Cooper (7642484),Jordan Matthews (7642567),Antonio Gates (7642624),Jeff Janis (7642531),Seahawks  (7642920)
Jameis Winston (7642334),Spencer Ware (7642380),Devonta Freeman (7642423),Mike Evans (7642482),Amari Cooper (7642484),Robert Woods (7642539),Gary Barnidge (7642604),Theo Riddick (7642406),Chiefs  (7642916)
Matt Ryan (7642352),Matt Forte (7642413),Devontae Booker (7642445),Julio Jones (7642522),Mike Evans (7642482),Ty Montgomery (7642527),Eric Ebron (7642599),Mohamed Sanu (7642524),Chiefs  (7642916)
Jameis Winston (7642334),David Johnson (7642452),Spencer Ware (7642380),Mike Evans (7642482),Amari Cooper (7642484),Ty Montgomery (7642527),Cameron Brate (7642586),Justin Hunter (7642537),Browns  (7642923)
Jameis Winston (7642334),Devonta Freeman (7642423),Bilal Powell (7642414),Mike Evans (7642482),Amari Cooper (7642484),Demaryius Thomas (7642544),Gary Barnidge (7642604),Terrelle Pryor Sr. (7642509),Seahawks  (7642920)
Matt Ryan (7642352),Spencer Ware (7642380),Devonta Freeman (7642423),T.Y. Hilton (7642466),Terrelle Pryor Sr. (7642509),Ty Montgomery (7642527),Eric Ebron (7642599),Mohamed Sanu (7642524),Patriots  (7642928)
Matt Ryan (7642352),Spencer Ware (7642380),Devontae Booker (7642445),Julio Jones (7642522),T.Y. Hilton (7642466),Terrelle Pryor Sr. (7642509),Jack Doyle (7642577),Jeff Janis (7642531),Buccaneers  (7642918)
Jameis Winston (7642334),Devonta Freeman (7642423),Jacquizz Rodgers (7642386),T.Y. Hilton (7642466),Amari Cooper (7642484),Larry Fitzgerald (7642552),Eric Ebron (7642599),Adam Humphries (7642483),Cardinals  (7642931)
Andrew Luck (7642327),Devonta Freeman (7642423),Devontae Booker (7642445),Julio Jones (7642522),T.Y. Hilton (7642466),Jeremy Maclin (7642465),Gary Barnidge (7642604),Adam Humphries (7642483),Panthers  (7642932)
Derek Carr (7642332),David Johnson (7642452),Devonta Freeman (7642423),T.Y. Hilton (7642466),Amari Cooper (7642484),Adam Humphries (7642483),Gary Barnidge (7642604),Devontae Booker (7642445),Broncos  (7642929)
Alex Smith (7642324),Devonta Freeman (7642423),Devontae Booker (7642445),Julio Jones (7642522),T.Y. Hilton (7642466),Jeremy Maclin (7642465),Eric Ebron (7642599),Mohamed Sanu (7642524),Patriots  (7642928)
Matt Ryan (7642352),David Johnson (7642452),Devontae Booker (7642445),Julio Jones (7642522),T.Y. Hilton (7642466),Adam Humphries (7642483),Travis Kelce (7642574),Jeff Janis (7642531),Seahawks  (7642920)
Matt Ryan (7642352),Devonta Freeman (7642423),Devontae Booker (7642445),Julio Jones (7642522),T.Y. Hilton (7642466),Jordy Nelson (7642519),Antonio Gates (7642624),Justin Hunter (7642537),Saints  (7642919)
Matt Ryan (7642352),Devonta Freeman (7642423),Theo Riddick (7642406),Julio Jones (7642522),T.Y. Hilton (7642466),Ty Montgomery (7642527),Virgil Green (7642625),Adam Humphries (7642483),Panthers  (7642932)
Matt Ryan (7642352),Spencer Ware (7642380),Mike Gillislee (7642434),Julio Jones (7642522),T.Y. Hilton (7642466),Davante Adams (7642528),Cameron Brate (7642586),Devontae Booker (7642445),Panthers  (7642932)
Matt Ryan (7642352),David Johnson (7642452),Devonta Freeman (7642423),Julio Jones (7642522),Ty Montgomery (7642527),Robert Woods (7642539),Eric Ebron (7642599),Devontae Booker (7642445),Seahawks  (7642920)
Matt Ryan (7642352),David Johnson (7642452),Devonta Freeman (7642423),T.Y. Hilton (7642466),Jordy Nelson (7642519),Mohamed Sanu (7642524),Cameron Brate (7642586),Isaiah Crowell (7642416),Cardinals  (7642931)
Alex Smith (7642324),Spencer Ware (7642380),Devontae Booker (7642445),T.Y. Hilton (7642466),Larry Fitzgerald (7642552),Terrelle Pryor Sr. (7642509),Gary Barnidge (7642604),Jeremy Maclin (7642465),Cardinals  (7642931)
Matt Ryan (7642352),Jacquizz Rodgers (7642386),Devontae Booker (7642445),Julio Jones (7642522),T.Y. Hilton (7642466),Ty Montgomery (7642527),Gary Barnidge (7642604),Robert Woods (7642539),Panthers  (7642932)
Aaron Rodgers (7642351),David Johnson (7642452),Devontae Booker (7642445),Julio Jones (7642522),T.Y. Hilton (7642466),Ty Montgomery (7642527),Gary Barnidge (7642604),Adam Humphries (7642483),Saints  (7642919)
Matt Ryan (7642352),Devonta Freeman (7642423),Devontae Booker (7642445),Julio Jones (7642522),T.Y. Hilton (7642466),Jordan Matthews (7642567),Charles Clay (7642620),Jeff Janis (7642531),Broncos  (7642929)
Alex Smith (7642324),David Johnson (7642452),Spencer Ware (7642380),T.Y. Hilton (7642466),Jeremy Maclin (7642465),Justin Hunter (7642537),Jack Doyle (7642577),Devonta Freeman (7642423),Cardinals  (7642931)
Matt Ryan (7642352),Spencer Ware (7642380),Devonta Freeman (7642423),Julio Jones (7642522),Jeremy Maclin (7642465),Ty Montgomery (7642527),Virgil Green (7642625),Devontae Booker (7642445),Buccaneers  (7642918)
Matt Ryan (7642352),Spencer Ware (7642380),Devonta Freeman (7642423),Julio Jones (7642522),Jordy Nelson (7642519),Mohamed Sanu (7642524),Eric Ebron (7642599),Adam Humphries (7642483),Cardinals  (7642931)
Matt Ryan (7642352),Devonta Freeman (7642423),Theo Riddick (7642406),T.Y. Hilton (7642466),Jordy Nelson (7642519),Terrelle Pryor Sr. (7642509),Gary Barnidge (7642604),Mohamed Sanu (7642524),Panthers  (7642932)
Matt Ryan (7642352),Spencer Ware (7642380),Devontae Booker (7642445),Julio Jones (7642522),Larry Fitzgerald (7642552),Ty Montgomery (7642527),Gary Barnidge (7642604),Mohamed Sanu (7642524),Raiders  (7642917)
Matt Ryan (7642352),Jacquizz Rodgers (7642386),Devontae Booker (7642445),T.Y. Hilton (7642466),Larry Fitzgerald (7642552),Jordy Nelson (7642519),Gary Barnidge (7642604),Mohamed Sanu (7642524),Patriots  (7642928)
Alex Smith (7642324),David Johnson (7642452),Devonta Freeman (7642423),T.Y. Hilton (7642466),Jordy Nelson (7642519),Jeremy Maclin (7642465),Virgil Green (7642625),Devontae Booker (7642445),Buccaneers  (7642918)
Matt Ryan (7642352),Devonta Freeman (7642423),Matt Forte (7642413),Julio Jones (7642522),T.Y. Hilton (7642466),Adam Humphries (7642483),Cameron Brate (7642586),Jeff Janis (7642531),Patriots  (7642928)
Matt Ryan (7642352),Devonta Freeman (7642423),Matt Forte (7642413),T.Y. Hilton (7642466),Larry Fitzgerald (7642552),Ty Montgomery (7642527),Gary Barnidge (7642604),Mohamed Sanu (7642524),Saints  (7642919)
Aaron Rodgers (7642351),Devonta Freeman (7642423),Devontae Booker (7642445),Julio Jones (7642522),T.Y. Hilton (7642466),Ty Montgomery (7642527),Eric Ebron (7642599),Bilal Powell (7642414),Panthers  (7642932)
Jameis Winston (7642334),Matt Forte (7642413),Mike Gillislee (7642434),Julio Jones (7642522),T.Y. Hilton (7642466),Amari Cooper (7642484),Cameron Brate (7642586),Adam Humphries (7642483),Cardinals  (7642931)
Matt Ryan (7642352),Isaiah Crowell (7642416),Devontae Booker (7642445),Julio Jones (7642522),T.Y. Hilton (7642466),Jordy Nelson (7642519),Jack Doyle (7642577),Mohamed Sanu (7642524),Panthers  (7642932)
Andrew Luck (7642327),Spencer Ware (7642380),Devonta Freeman (7642423),T.Y. Hilton (7642466),Emmanuel Sanders (7642543),Jeremy Maclin (7642465),Eric Ebron (7642599),Devontae Booker (7642445),Cardinals  (7642931)
Ryan Fitzpatrick (7642345),Spencer Ware (7642380),Devonta Freeman (7642423),T.Y. Hilton (7642466),Brandon Marshall (7642507),Terrelle Pryor Sr. (7642509),Virgil Green (7642625),Devontae Booker (7642445),Buccaneers  (7642918)
Matt Ryan (7642352),Spencer Ware (7642380),Devonta Freeman (7642423),Julio Jones (7642522),T.Y. Hilton (7642466),Jeff Janis (7642531),Antonio Gates (7642624),Bilal Powell (7642414),Seahawks  (7642920)
Jameis Winston (7642334),Spencer Ware (7642380),Devonta Freeman (7642423),Julio Jones (7642522),T.Y. Hilton (7642466),Adam Humphries (7642483),Charles Clay (7642620),Seth Roberts (7642485),Broncos  (7642929)
Matt Ryan (7642352),Devonta Freeman (7642423),Devontae Booker (7642445),Julio Jones (7642522),Jordy Nelson (7642519),Demaryius Thomas (7642544),Gary Barnidge (7642604),Bilal Powell (7642414),Panthers  (7642932)
Jameis Winston (7642334),David Johnson (7642452),Spencer Ware (7642380),T.Y. Hilton (7642466),Amari Cooper (7642484),Justin Hunter (7642537),Travis Kelce (7642574),Adam Humphries (7642483),Cardinals  (7642931)
Alex Smith (7642324),Devonta Freeman (7642423),Devontae Booker (7642445),Julio Jones (7642522),T.Y. Hilton (7642466),Larry Fitzgerald (7642552),Cameron Brate (7642586),Chris Conley (7642469),Buccaneers  (7642918)
Matt Ryan (7642352),Jacquizz Rodgers (7642386),Devontae Booker (7642445),Julio Jones (7642522),T.Y. Hilton (7642466),Doug Baldwin (7642487),Cameron Brate (7642586),Jeff Janis (7642531),Cardinals  (7642931)
Jameis Winston (7642334),David Johnson (7642452),Devontae Booker (7642445),Julio Jones (7642522),T.Y. Hilton (7642466),Adam Humphries (7642483),Rob Gronkowski (7642619),Seth Roberts (7642485),Falcons  (7642925)
Matt Ryan (7642352),Devonta Freeman (7642423),Devontae Booker (7642445),Julio Jones (7642522),Larry Fitzgerald (7642552),Demaryius Thomas (7642544),Jack Doyle (7642577),Jeff Janis (7642531),Seahawks  (7642920)
