QB,RB,RB,WR,WR,WR,TE,FLEX,DST
Ben Roethlisberger (7498722),Mark Ingram (7498807),Carlos Hyde (7498817),Antonio Brown (7498956),Julio Jones (7498881),Steve Smith Sr. (7498890),Hunter Henry (7499035),Jordan Howard (7498786),Jets  (7499379)
Philip Rivers (7498713),Mark Ingram (7498807),Charles Sims (7498789),Antonio Brown (7498956),Jeremy Maclin (7498955),Travis Benjamin (7498937),Hunter Henry (7499035),Jordan Howard (7498786),Panthers  (7499384)
Brian Hoyer (7498697),Mark Ingram (7498807),Charles Sims (7498789),Antonio Brown (7498956),Julio Jones (7498881),Kevin White (7498910),Travis Kelce (7499044),Jordan Howard (7498786),Raiders  (7499385)
Brian Hoyer (7498697),Mark Ingram (7498807),Carlos Hyde (7498817),Antonio Brown (7498956),Alshon Jeffery (7498907),Marvin Jones Jr. (7498906),Hunter Henry (7499035),Terrelle Pryor Sr. (7498847),Panthers  (7499384)
Alex Smith (7498721),Melvin Gordon (7498809),Jordan Howard (7498786),Antonio Brown (7498956),Julio Jones (7498881),Jeremy Maclin (7498955),Hunter Henry (7499035),Rishard Matthews (7498838),Broncos  (7499389)
Alex Smith (7498721),Le'Veon Bell (7498829),Mark Ingram (7498807),Antonio Brown (7498956),Jeremy Maclin (7498955),Steve Smith Sr. (7498890),Coby Fleener (7499031),Carlos Hyde (7498817),Panthers  (7499384)
Philip Rivers (7498713),Mark Ingram (7498807),Carlos Hyde (7498817),Antonio Brown (7498956),Travis Benjamin (7498937),Steve Smith Sr. (7498890),Travis Kelce (7499044),Terrelle Pryor Sr. (7498847),Broncos  (7499389)
Dak Prescott (7498720),Mark Ingram (7498807),Charles Sims (7498789),Antonio Brown (7498956),Julio Jones (7498881),Terrelle Pryor Sr. (7498847),Hunter Henry (7499035),Cole Beasley (7498949),Steelers  (7499398)
Philip Rivers (7498713),Carlos Hyde (7498817),Jordan Howard (7498786),Antonio Brown (7498956),Julio Jones (7498881),Travis Benjamin (7498937),Coby Fleener (7499031),Cole Beasley (7498949),Texans  (7499375)
Ben Roethlisberger (7498722),David Johnson (7498800),Melvin Gordon (7498809),Antonio Brown (7498956),Cole Beasley (7498949),Rishard Matthews (7498838),Hunter Henry (7499035),Mark Ingram (7498807),Panthers  (7499384)
Ben Roethlisberger (7498722),Melvin Gordon (7498809),Jordan Howard (7498786),Antonio Brown (7498956),Jeremy Maclin (7498955),Steve Smith Sr. (7498890),Travis Kelce (7499044),Terrelle Pryor Sr. (7498847),Panthers  (7499384)
Brian Hoyer (7498697),Le'Veon Bell (7498829),Carlos Hyde (7498817),Antonio Brown (7498956),Julio Jones (7498881),Travis Benjamin (7498937),Hunter Henry (7499035),Kevin White (7498910),Ravens  (7499386)
Kirk Cousins (7498671),Melvin Gordon (7498809),Mark Ingram (7498807),Antonio Brown (7498956),DeSean Jackson (7498845),Jeremy Maclin (7498955),Hunter Henry (7499035),Carlos Hyde (7498817),Ravens  (7499386)
Carson Palmer (7498706),Le'Veon Bell (7498829),Melvin Gordon (7498809),Antonio Brown (7498956),Steve Smith Sr. (7498890),John Brown (7498928),Hunter Henry (7499035),Mark Ingram (7498807),Steelers  (7499398)
Tyrod Taylor (7498680),Mark Ingram (7498807),Jordan Howard (7498786),Antonio Brown (7498956),Julio Jones (7498881),Jeremy Maclin (7498955),Coby Fleener (7499031),Marquise Goodwin (7498872),Cardinals  (7499392)
Carson Palmer (7498706),Mark Ingram (7498807),Carlos Hyde (7498817),Antonio Brown (7498956),Julio Jones (7498881),John Brown (7498928),Travis Kelce (7499044),Rishard Matthews (7498838),Ravens  (7499386)
Dak Prescott (7498720),Le'Veon Bell (7498829),Mark Ingram (7498807),Antonio Brown (7498956),Jeremy Maclin (7498955),Cole Beasley (7498949),Travis Kelce (7499044),Jordan Howard (7498786),Jets  (7499379)
Brian Hoyer (7498697),Carlos Hyde (7498817),Jordan Howard (7498786),Antonio Brown (7498956),Julio Jones (7498881),Alshon Jeffery (7498907),Zach Miller (7499006),Jeremy Maclin (7498955),Saints  (7499393)
Philip Rivers (7498713),Melvin Gordon (7498809),Carlos Hyde (7498817),Antonio Brown (7498956),Julio Jones (7498881),Tyrell Williams (7498942),Hunter Henry (7499035),Terrelle Pryor Sr. (7498847),Chargers  (7499394)
Kirk Cousins (7498671),Mark Ingram (7498807),Jordan Howard (7498786),Antonio Brown (7498956),Marvin Jones Jr. (7498906),DeSean Jackson (7498845),Zach Miller (7499006),Steve Smith Sr. (7498890),Panthers  (7499384)
Ben Roethlisberger (7498722),Mark Ingram (7498807),Charles Sims (7498789),Antonio Brown (7498956),Marvin Jones Jr. (7498906),Terrelle Pryor Sr. (7498847),Coby Fleener (7499031),Jordan Howard (7498786),Texans  (7499375)
Ben Roethlisberger (7498722),Le'Veon Bell (7498829),Charles Sims (7498789),Antonio Brown (7498956),Jeremy Maclin (7498955),Terrelle Pryor Sr. (7498847),Hunter Henry (7499035),Carlos Hyde (7498817),Raiders  (7499385)
Brian Hoyer (7498697),Melvin Gordon (7498809),Mark Ingram (7498807),Antonio Brown (7498956),Alshon Jeffery (7498907),Travis Benjamin (7498937),Coby Fleener (7499031),Jordan Howard (7498786),Jets  (7499379)
Dak Prescott (7498720),Melvin Gordon (7498809),Carlos Hyde (7498817),Antonio Brown (7498956),Julio Jones (7498881),Steve Smith Sr. (7498890),Zach Miller (7499006),Cole Beasley (7498949),Broncos  (7499389)
Philip Rivers (7498713),Charles Sims (7498789),Jordan Howard (7498786),Antonio Brown (7498956),Julio Jones (7498881),Steve Smith Sr. (7498890),Zach Miller (7499006),Tyrell Williams (7498942),Patriots  (7499382)
Alex Smith (7498721),Carlos Hyde (7498817),Jordan Howard (7498786),Antonio Brown (7498956),Marvin Jones Jr. (7498906),Jeremy Maclin (7498955),Travis Kelce (7499044),Travis Benjamin (7498937),Raiders  (7499385)
Tyrod Taylor (7498680),David Johnson (7498800),Mark Ingram (7498807),Antonio Brown (7498956),Marvin Jones Jr. (7498906),Steve Smith Sr. (7498890),Hunter Henry (7499035),Marquise Goodwin (7498872),Broncos  (7499389)
Alex Smith (7498721),Mark Ingram (7498807),Charles Sims (7498789),Julio Jones (7498881),Marvin Jones Jr. (7498906),Jeremy Maclin (7498955),Hunter Henry (7499035),Steve Smith Sr. (7498890),Texans  (7499375)
Kirk Cousins (7498671),Le'Veon Bell (7498829),Jordan Howard (7498786),Antonio Brown (7498956),Julio Jones (7498881),Pierre Garcon (7498846),Hunter Henry (7499035),Cole Beasley (7498949),Raiders  (7499385)
Philip Rivers (7498713),David Johnson (7498800),Melvin Gordon (7498809),Antonio Brown (7498956),Travis Benjamin (7498937),Steve Smith Sr. (7498890),Hunter Henry (7499035),Kevin White (7498910),Jets  (7499379)
Ben Roethlisberger (7498722),Le'Veon Bell (7498829),Jordan Howard (7498786),Antonio Brown (7498956),Marvin Jones Jr. (7498906),Travis Benjamin (7498937),Hunter Henry (7499035),Rishard Matthews (7498838),Steelers  (7499398)
Brian Hoyer (7498697),Le'Veon Bell (7498829),Charles Sims (7498789),Antonio Brown (7498956),Alshon Jeffery (7498907),Steve Smith Sr. (7498890),Hunter Henry (7499035),Jordan Howard (7498786),Seahawks  (7499380)
Drew Brees (7498711),Mark Ingram (7498807),Carlos Hyde (7498817),Antonio Brown (7498956),Willie Snead (7498939),Torrey Smith (7498945),Travis Kelce (7499044),Jordan Howard (7498786),Panthers  (7499384)
Ben Roethlisberger (7498722),Mark Ingram (7498807),Carlos Hyde (7498817),Antonio Brown (7498956),Marvin Jones Jr. (7498906),Jeremy Maclin (7498955),Zach Miller (7499006),Rishard Matthews (7498838),Broncos  (7499389)
Tyrod Taylor (7498680),Le'Veon Bell (7498829),Mark Ingram (7498807),Antonio Brown (7498956),Julio Jones (7498881),Robert Woods (7498874),Hunter Henry (7499035),Rishard Matthews (7498838),Lions  (7499388)
Philip Rivers (7498713),Le'Veon Bell (7498829),Mark Ingram (7498807),Julio Jones (7498881),Travis Benjamin (7498937),Steve Smith Sr. (7498890),Hunter Henry (7499035),Cole Beasley (7498949),Patriots  (7499382)
Philip Rivers (7498713),Mark Ingram (7498807),Duke Johnson Jr. (7498741),Antonio Brown (7498956),Julio Jones (7498881),Travis Benjamin (7498937),Zach Miller (7499006),Rishard Matthews (7498838),Buccaneers  (7499390)
Tyrod Taylor (7498680),Charles Sims (7498789),Carlos Hyde (7498817),Antonio Brown (7498956),Julio Jones (7498881),Steve Smith Sr. (7498890),Travis Kelce (7499044),Marquise Goodwin (7498872),Texans  (7499375)
Kirk Cousins (7498671),Mark Ingram (7498807),Charles Sims (7498789),Antonio Brown (7498956),Julio Jones (7498881),Pierre Garcon (7498846),Coby Fleener (7499031),Rishard Matthews (7498838),Jets  (7499379)
Carson Palmer (7498706),Charles Sims (7498789),LeGarrette Blount (7498755),Antonio Brown (7498956),Julio Jones (7498881),John Brown (7498928),Hunter Henry (7499035),Jordan Howard (7498786),Texans  (7499375)
Drew Brees (7498711),Melvin Gordon (7498809),Mark Ingram (7498807),Antonio Brown (7498956),Marvin Jones Jr. (7498906),Michael Thomas (7498943),Hunter Henry (7499035),Jordan Howard (7498786),Raiders  (7499385)
Alex Smith (7498721),David Johnson (7498800),Mark Ingram (7498807),Antonio Brown (7498956),Jeremy Maclin (7498955),Terrelle Pryor Sr. (7498847),Hunter Henry (7499035),LeGarrette Blount (7498755),Jets  (7499379)
Ben Roethlisberger (7498722),Mark Ingram (7498807),Charles Sims (7498789),Antonio Brown (7498956),Jeremy Maclin (7498955),Steve Smith Sr. (7498890),Jacob Tamme (7498993),Cole Beasley (7498949),Cardinals  (7499392)
Ben Roethlisberger (7498722),David Johnson (7498800),Mark Ingram (7498807),Antonio Brown (7498956),Travis Benjamin (7498937),Kevin White (7498910),Coby Fleener (7499031),Carlos Hyde (7498817),Steelers  (7499398)
Philip Rivers (7498713),Melvin Gordon (7498809),Mark Ingram (7498807),Antonio Brown (7498956),Tyrell Williams (7498942),John Brown (7498928),Travis Kelce (7499044),Jordan Howard (7498786),Cardinals  (7499392)
Dak Prescott (7498720),Mark Ingram (7498807),Carlos Hyde (7498817),Antonio Brown (7498956),Julio Jones (7498881),Jeremy Maclin (7498955),Jacob Tamme (7498993),Terrance Williams (7498948),Raiders  (7499385)
Ben Roethlisberger (7498722),David Johnson (7498800),Jordan Howard (7498786),Antonio Brown (7498956),Julio Jones (7498881),Terrelle Pryor Sr. (7498847),Zach Miller (7499006),Rishard Matthews (7498838),Ravens  (7499386)
Kirk Cousins (7498671),Carlos Hyde (7498817),Jordan Howard (7498786),Antonio Brown (7498956),Julio Jones (7498881),DeSean Jackson (7498845),Jacob Tamme (7498993),Terrelle Pryor Sr. (7498847),Steelers  (7499398)
Marcus Mariota (7498667),Charles Sims (7498789),Carlos Hyde (7498817),Antonio Brown (7498956),Julio Jones (7498881),Marvin Jones Jr. (7498906),Hunter Henry (7499035),Rishard Matthews (7498838),Buccaneers  (7499390)
Drew Brees (7498711),Mark Ingram (7498807),Carlos Hyde (7498817),Antonio Brown (7498956),Julio Jones (7498881),Terrelle Pryor Sr. (7498847),Coby Fleener (7499031),Michael Thomas (7498943),Saints  (7499393)
Ben Roethlisberger (7498722),Melvin Gordon (7498809),Jordan Howard (7498786),Antonio Brown (7498956),Julio Jones (7498881),Cole Beasley (7498949),Dennis Pitta (7499000),Kevin White (7498910),Steelers  (7499398)
Brian Hoyer (7498697),Melvin Gordon (7498809),Mark Ingram (7498807),Antonio Brown (7498956),Julio Jones (7498881),Eddie Royal (7498902),Hunter Henry (7499035),LeGarrette Blount (7498755),Buccaneers  (7499390)
Ben Roethlisberger (7498722),Melvin Gordon (7498809),Carlos Hyde (7498817),Antonio Brown (7498956),Julio Jones (7498881),Torrey Smith (7498945),Coby Fleener (7499031),Rishard Matthews (7498838),Patriots  (7499382)
Marcus Mariota (7498667),Le'Veon Bell (7498829),Jordan Howard (7498786),Antonio Brown (7498956),Julio Jones (7498881),Steve Smith Sr. (7498890),Travis Kelce (7499044),Rishard Matthews (7498838),Saints  (7499393)
Philip Rivers (7498713),Mark Ingram (7498807),LeGarrette Blount (7498755),Antonio Brown (7498956),Alshon Jeffery (7498907),Steve Smith Sr. (7498890),Hunter Henry (7499035),Tyrell Williams (7498942),Texans  (7499375)
Ben Roethlisberger (7498722),Charles Sims (7498789),Carlos Hyde (7498817),Antonio Brown (7498956),Alshon Jeffery (7498907),Cole Beasley (7498949),Travis Kelce (7499044),Jordan Howard (7498786),Patriots  (7499382)
Ben Roethlisberger (7498722),Charles Sims (7498789),Carlos Hyde (7498817),Antonio Brown (7498956),Marvin Jones Jr. (7498906),Steve Smith Sr. (7498890),Dennis Pitta (7499000),John Brown (7498928),Panthers  (7499384)
Ben Roethlisberger (7498722),Mark Ingram (7498807),Duke Johnson Jr. (7498741),Antonio Brown (7498956),Julio Jones (7498881),John Brown (7498928),Coby Fleener (7499031),Cole Beasley (7498949),Raiders  (7499385)
Ben Roethlisberger (7498722),Melvin Gordon (7498809),Charles Sims (7498789),Antonio Brown (7498956),Julio Jones (7498881),Marquise Goodwin (7498872),Hunter Henry (7499035),Duke Johnson Jr. (7498741),Ravens  (7499386)
Brian Hoyer (7498697),Mark Ingram (7498807),Duke Johnson Jr. (7498741),Antonio Brown (7498956),Alshon Jeffery (7498907),Jeremy Maclin (7498955),Travis Kelce (7499044),Steve Smith Sr. (7498890),Buccaneers  (7499390)
Alex Smith (7498721),Melvin Gordon (7498809),Mark Ingram (7498807),Antonio Brown (7498956),Jeremy Maclin (7498955),Marquise Goodwin (7498872),Travis Kelce (7499044),Charles Sims (7498789),Lions  (7499388)
Ben Roethlisberger (7498722),Le'Veon Bell (7498829),Mark Ingram (7498807),Antonio Brown (7498956),Steve Smith Sr. (7498890),Torrey Smith (7498945),Travis Kelce (7499044),Kevin White (7498910),Texans  (7499375)
Brian Hoyer (7498697),Melvin Gordon (7498809),Charles Sims (7498789),Antonio Brown (7498956),Marvin Jones Jr. (7498906),Jeremy Maclin (7498955),Hunter Henry (7499035),Kevin White (7498910),Cardinals  (7499392)
Dak Prescott (7498720),David Johnson (7498800),Carlos Hyde (7498817),Antonio Brown (7498956),Jeremy Maclin (7498955),Travis Benjamin (7498937),Hunter Henry (7499035),Cole Beasley (7498949),Cardinals  (7499392)
Drew Brees (7498711),Charles Sims (7498789),Carlos Hyde (7498817),Antonio Brown (7498956),Willie Snead (7498939),Travis Benjamin (7498937),Hunter Henry (7499035),Steve Smith Sr. (7498890),Steelers  (7499398)
Philip Rivers (7498713),David Johnson (7498800),Charles Sims (7498789),Antonio Brown (7498956),Tyrell Williams (7498942),Rishard Matthews (7498838),Travis Kelce (7499044),Carlos Hyde (7498817),Panthers  (7499384)
Dak Prescott (7498720),Le'Veon Bell (7498829),LeGarrette Blount (7498755),Antonio Brown (7498956),Marvin Jones Jr. (7498906),Steve Smith Sr. (7498890),Hunter Henry (7499035),Cole Beasley (7498949),Panthers  (7499384)
Ben Roethlisberger (7498722),David Johnson (7498800),Le'Veon Bell (7498829),Antonio Brown (7498956),Steve Smith Sr. (7498890),Cole Beasley (7498949),Coby Fleener (7499031),Jordan Howard (7498786),Buccaneers  (7499390)
Ben Roethlisberger (7498722),Melvin Gordon (7498809),Carlos Hyde (7498817),Antonio Brown (7498956),Doug Baldwin (7498858),Travis Benjamin (7498937),Hunter Henry (7499035),John Brown (7498928),Broncos  (7499389)
Philip Rivers (7498713),Le'Veon Bell (7498829),Carlos Hyde (7498817),Antonio Brown (7498956),Jeremy Maclin (7498955),Travis Benjamin (7498937),Zach Miller (7499006),John Brown (7498928),Jets  (7499379)
Philip Rivers (7498713),David Johnson (7498800),Jordan Howard (7498786),Antonio Brown (7498956),Julio Jones (7498881),Torrey Smith (7498945),Hunter Henry (7499035),Dontrelle Inman (7498935),Steelers  (7499398)
Brian Hoyer (7498697),David Johnson (7498800),Carlos Hyde (7498817),Antonio Brown (7498956),Marvin Jones Jr. (7498906),Steve Smith Sr. (7498890),Travis Kelce (7499044),Kevin White (7498910),Patriots  (7499382)
Brian Hoyer (7498697),David Johnson (7498800),Melvin Gordon (7498809),Julio Jones (7498881),Alshon Jeffery (7498907),Steve Smith Sr. (7498890),Hunter Henry (7499035),Carlos Hyde (7498817),Steelers  (7499398)
Alex Smith (7498721),Charles Sims (7498789),Carlos Hyde (7498817),Antonio Brown (7498956),Julio Jones (7498881),Jeremy Maclin (7498955),Dennis Pitta (7499000),Kevin White (7498910),Titans  (7499376)
Kirk Cousins (7498671),Melvin Gordon (7498809),Jordan Howard (7498786),Antonio Brown (7498956),Julio Jones (7498881),Steve Smith Sr. (7498890),Coby Fleener (7499031),Jamison Crowder (7498851),Ravens  (7499386)
Carson Palmer (7498706),Le'Veon Bell (7498829),Carlos Hyde (7498817),Antonio Brown (7498956),Marvin Jones Jr. (7498906),John Brown (7498928),Coby Fleener (7499031),Jordan Howard (7498786),Broncos  (7499389)
Carson Palmer (7498706),David Johnson (7498800),Jordan Howard (7498786),Antonio Brown (7498956),Travis Benjamin (7498937),John Brown (7498928),Travis Kelce (7499044),Cole Beasley (7498949),Panthers  (7499384)
Philip Rivers (7498713),Melvin Gordon (7498809),Jordan Howard (7498786),Antonio Brown (7498956),Marvin Jones Jr. (7498906),Travis Benjamin (7498937),Jacob Tamme (7498993),Terrelle Pryor Sr. (7498847),Ravens  (7499386)
Ben Roethlisberger (7498722),David Johnson (7498800),Jordan Howard (7498786),Antonio Brown (7498956),Demaryius Thomas (7498914),Jeremy Maclin (7498955),Hunter Henry (7499035),Marquise Goodwin (7498872),Texans  (7499375)
Cam Newton (7498689),David Johnson (7498800),Carlos Hyde (7498817),Antonio Brown (7498956),Kelvin Benjamin (7498887),Kevin White (7498910),Hunter Henry (7499035),Jordan Howard (7498786),Panthers  (7499384)
Tyrod Taylor (7498680),Le'Veon Bell (7498829),Melvin Gordon (7498809),Antonio Brown (7498956),Travis Benjamin (7498937),Marquise Goodwin (7498872),Travis Kelce (7499044),Jordan Howard (7498786),Broncos  (7499389)
Dak Prescott (7498720),C.J. Anderson (7498791),Jordan Howard (7498786),Antonio Brown (7498956),Julio Jones (7498881),Travis Benjamin (7498937),Hunter Henry (7499035),Terrance Williams (7498948),Patriots  (7499382)
Carson Palmer (7498706),Melvin Gordon (7498809),Charles Sims (7498789),Antonio Brown (7498956),Demaryius Thomas (7498914),Michael Floyd (7498926),Hunter Henry (7499035),Carlos Hyde (7498817),Panthers  (7499384)
Drew Brees (7498711),David Johnson (7498800),Jordan Howard (7498786),Antonio Brown (7498956),Willie Snead (7498939),Terrelle Pryor Sr. (7498847),Hunter Henry (7499035),Cole Beasley (7498949),Broncos  (7499389)
Kirk Cousins (7498671),David Johnson (7498800),Charles Sims (7498789),Antonio Brown (7498956),DeSean Jackson (7498845),Steve Smith Sr. (7498890),Hunter Henry (7499035),Rishard Matthews (7498838),Cardinals  (7499392)
Ben Roethlisberger (7498722),Le'Veon Bell (7498829),Carlos Hyde (7498817),Antonio Brown (7498956),Julio Jones (7498881),Cole Beasley (7498949),Jacob Tamme (7498993),Marquise Goodwin (7498872),Saints  (7499393)
Carson Palmer (7498706),David Johnson (7498800),Carlos Hyde (7498817),Antonio Brown (7498956),Larry Fitzgerald (7498923),Steve Smith Sr. (7498890),Hunter Henry (7499035),Terrelle Pryor Sr. (7498847),Texans  (7499375)
Ben Roethlisberger (7498722),Charles Sims (7498789),LeGarrette Blount (7498755),Antonio Brown (7498956),Julio Jones (7498881),Steve Smith Sr. (7498890),Coby Fleener (7499031),Kevin White (7498910),Saints  (7499393)
Ben Roethlisberger (7498722),Charles Sims (7498789),LeGarrette Blount (7498755),Antonio Brown (7498956),Jeremy Maclin (7498955),Travis Benjamin (7498937),Travis Kelce (7499044),Rishard Matthews (7498838),Jets  (7499379)
Philip Rivers (7498713),Le'Veon Bell (7498829),Charles Sims (7498789),Antonio Brown (7498956),Travis Benjamin (7498937),Steve Smith Sr. (7498890),Coby Fleener (7499031),Rishard Matthews (7498838),Redskins  (7499378)
Philip Rivers (7498713),Le'Veon Bell (7498829),Charles Sims (7498789),Antonio Brown (7498956),Marvin Jones Jr. (7498906),Tyrell Williams (7498942),Hunter Henry (7499035),Marquise Goodwin (7498872),Jets  (7499379)
Brian Hoyer (7498697),Matt Jones (7498742),Duke Johnson Jr. (7498741),Antonio Brown (7498956),Julio Jones (7498881),Alshon Jeffery (7498907),Hunter Henry (7499035),Cole Beasley (7498949),Broncos  (7499389)
Brian Hoyer (7498697),David Johnson (7498800),Le'Veon Bell (7498829),Antonio Brown (7498956),Terrelle Pryor Sr. (7498847),Kevin White (7498910),Coby Fleener (7499031),Charles Sims (7498789),Panthers  (7499384)
Philip Rivers (7498713),Melvin Gordon (7498809),Matt Jones (7498742),Antonio Brown (7498956),Marvin Jones Jr. (7498906),Steve Smith Sr. (7498890),Coby Fleener (7499031),Tyrell Williams (7498942),Panthers  (7499384)
Dak Prescott (7498720),Melvin Gordon (7498809),Charles Sims (7498789),Antonio Brown (7498956),DeSean Jackson (7498845),Jeremy Maclin (7498955),Coby Fleener (7499031),Cole Beasley (7498949),Panthers  (7499384)
Ben Roethlisberger (7498722),Matt Jones (7498742),James White (7498758),Antonio Brown (7498956),Julio Jones (7498881),Travis Benjamin (7498937),Hunter Henry (7499035),Terrelle Pryor Sr. (7498847),Texans  (7499375)
Philip Rivers (7498713),Melvin Gordon (7498809),Charles Sims (7498789),Antonio Brown (7498956),Travis Benjamin (7498937),Torrey Smith (7498945),Travis Kelce (7499044),Cole Beasley (7498949),Raiders  (7499385)
Dak Prescott (7498720),Melvin Gordon (7498809),Charles Sims (7498789),Antonio Brown (7498956),Julio Jones (7498881),Rishard Matthews (7498838),Travis Kelce (7499044),Terrance Williams (7498948),Titans  (7499376)
Joe Flacco (7498690),LeGarrette Blount (7498755),Matt Jones (7498742),Antonio Brown (7498956),Julio Jones (7498881),Jeremy Maclin (7498955),Hunter Henry (7499035),Steve Smith Sr. (7498890),Ravens  (7499386)
Ben Roethlisberger (7498722),Lamar Miller (7498729),Duke Johnson Jr. (7498741),Antonio Brown (7498956),Jeremy Maclin (7498955),Travis Benjamin (7498937),Hunter Henry (7499035),Steve Smith Sr. (7498890),Lions  (7499388)
Kirk Cousins (7498671),Melvin Gordon (7498809),Duke Johnson Jr. (7498741),Antonio Brown (7498956),Marvin Jones Jr. (7498906),Travis Benjamin (7498937),Hunter Henry (7499035),Pierre Garcon (7498846),Panthers  (7499384)
Brian Hoyer (7498697),C.J. Anderson (7498791),Melvin Gordon (7498809),Antonio Brown (7498956),Julio Jones (7498881),Terrelle Pryor Sr. (7498847),Zach Miller (7499006),Kevin White (7498910),Jets  (7499379)
Kirk Cousins (7498671),Le'Veon Bell (7498829),Melvin Gordon (7498809),Julio Jones (7498881),DeSean Jackson (7498845),Steve Smith Sr. (7498890),Hunter Henry (7499035),Terrelle Pryor Sr. (7498847),Jets  (7499379)
Philip Rivers (7498713),Le'Veon Bell (7498829),LeGarrette Blount (7498755),Antonio Brown (7498956),Travis Benjamin (7498937),Terrelle Pryor Sr. (7498847),Hunter Henry (7499035),Torrey Smith (7498945),Cardinals  (7499392)
Carson Palmer (7498706),David Johnson (7498800),Charles Sims (7498789),Antonio Brown (7498956),Jeremy Maclin (7498955),Steve Smith Sr. (7498890),Coby Fleener (7499031),John Brown (7498928),Ravens  (7499386)
Tyrod Taylor (7498680),Melvin Gordon (7498809),Charles Sims (7498789),Antonio Brown (7498956),Julio Jones (7498881),Terrelle Pryor Sr. (7498847),Coby Fleener (7499031),Robert Woods (7498874),Raiders  (7499385)
Alex Smith (7498721),C.J. Anderson (7498791),Charles Sims (7498789),Antonio Brown (7498956),Alshon Jeffery (7498907),Jeremy Maclin (7498955),Hunter Henry (7499035),Cole Beasley (7498949),Ravens  (7499386)
Brian Hoyer (7498697),David Johnson (7498800),LeGarrette Blount (7498755),Antonio Brown (7498956),Alshon Jeffery (7498907),Travis Benjamin (7498937),Hunter Henry (7499035),Rishard Matthews (7498838),Patriots  (7499382)
Brian Hoyer (7498697),Melvin Gordon (7498809),Charles Sims (7498789),Antonio Brown (7498956),Alshon Jeffery (7498907),Terrelle Pryor Sr. (7498847),Travis Kelce (7499044),John Brown (7498928),Ravens  (7499386)
Russell Wilson (7498675),Le'Veon Bell (7498829),Melvin Gordon (7498809),Antonio Brown (7498956),Jeremy Maclin (7498955),Tyler Lockett (7498864),Hunter Henry (7499035),Torrey Smith (7498945),Panthers  (7499384)
Alex Smith (7498721),Le'Veon Bell (7498829),Matt Jones (7498742),Antonio Brown (7498956),Marvin Jones Jr. (7498906),Jeremy Maclin (7498955),Hunter Henry (7499035),John Brown (7498928),Buccaneers  (7499390)
Ben Roethlisberger (7498722),David Johnson (7498800),LeGarrette Blount (7498755),Antonio Brown (7498956),Travis Benjamin (7498937),Steve Smith Sr. (7498890),Zach Miller (7499006),Torrey Smith (7498945),Panthers  (7499384)
Philip Rivers (7498713),Melvin Gordon (7498809),Duke Johnson Jr. (7498741),Julio Jones (7498881),Jeremy Maclin (7498955),Travis Benjamin (7498937),Travis Kelce (7499044),Steve Smith Sr. (7498890),Ravens  (7499386)
Alex Smith (7498721),Le'Veon Bell (7498829),Melvin Gordon (7498809),Antonio Brown (7498956),Jeremy Maclin (7498955),Terrelle Pryor Sr. (7498847),Zach Miller (7499006),Cole Beasley (7498949),Cardinals  (7499392)
Kirk Cousins (7498671),Le'Veon Bell (7498829),Charles Sims (7498789),Antonio Brown (7498956),Steve Smith Sr. (7498890),Terrelle Pryor Sr. (7498847),Travis Kelce (7499044),Pierre Garcon (7498846),Lions  (7499388)
Ben Roethlisberger (7498722),Melvin Gordon (7498809),Charles Sims (7498789),Antonio Brown (7498956),Alshon Jeffery (7498907),Steve Smith Sr. (7498890),Zach Miller (7499006),Rishard Matthews (7498838),Steelers  (7499398)
Dak Prescott (7498720),Le'Veon Bell (7498829),Matt Jones (7498742),Antonio Brown (7498956),Julio Jones (7498881),Steve Smith Sr. (7498890),Coby Fleener (7499031),Terrance Williams (7498948),Jets  (7499379)
Philip Rivers (7498713),David Johnson (7498800),Le'Veon Bell (7498829),Julio Jones (7498881),Jeremy Maclin (7498955),Tyrell Williams (7498942),Hunter Henry (7499035),Rishard Matthews (7498838),Ravens  (7499386)
Carson Palmer (7498706),David Johnson (7498800),Melvin Gordon (7498809),Julio Jones (7498881),Jeremy Maclin (7498955),Terrelle Pryor Sr. (7498847),Hunter Henry (7499035),John Brown (7498928),Chiefs  (7499397)
Brian Hoyer (7498697),Le'Veon Bell (7498829),LeGarrette Blount (7498755),Julio Jones (7498881),Alshon Jeffery (7498907),Jeremy Maclin (7498955),Hunter Henry (7499035),John Brown (7498928),Jets  (7499379)
Alex Smith (7498721),Le'Veon Bell (7498829),Matt Jones (7498742),Julio Jones (7498881),Jeremy Maclin (7498955),Steve Smith Sr. (7498890),Travis Kelce (7499044),Terrelle Pryor Sr. (7498847),Broncos  (7499389)
Philip Rivers (7498713),David Johnson (7498800),LeGarrette Blount (7498755),Julio Jones (7498881),Travis Benjamin (7498937),Steve Smith Sr. (7498890),Coby Fleener (7499031),Terrelle Pryor Sr. (7498847),Chiefs  (7499397)
Brian Hoyer (7498697),David Johnson (7498800),Le'Veon Bell (7498829),Julio Jones (7498881),Jeremy Maclin (7498955),Steve Smith Sr. (7498890),Zach Miller (7499006),Kevin White (7498910),Cardinals  (7499392)
Philip Rivers (7498713),David Johnson (7498800),Duke Johnson Jr. (7498741),Julio Jones (7498881),Marvin Jones Jr. (7498906),Travis Benjamin (7498937),Hunter Henry (7499035),Marquise Goodwin (7498872),Texans  (7499375)
Kirk Cousins (7498671),David Johnson (7498800),Le'Veon Bell (7498829),Alshon Jeffery (7498907),Jeremy Maclin (7498955),Steve Smith Sr. (7498890),Hunter Henry (7499035),Pierre Garcon (7498846),Panthers  (7499384)
Drew Brees (7498711),Le'Veon Bell (7498829),LeGarrette Blount (7498755),Julio Jones (7498881),Willie Snead (7498939),Steve Smith Sr. (7498890),Hunter Henry (7499035),Rishard Matthews (7498838),Broncos  (7499389)
Alex Smith (7498721),Le'Veon Bell (7498829),C.J. Anderson (7498791),Julio Jones (7498881),Jeremy Maclin (7498955),Travis Benjamin (7498937),Hunter Henry (7499035),Torrey Smith (7498945),Raiders  (7499385)
Dak Prescott (7498720),David Johnson (7498800),LeGarrette Blount (7498755),Julio Jones (7498881),Jeremy Maclin (7498955),Steve Smith Sr. (7498890),Travis Kelce (7499044),Cole Beasley (7498949),Lions  (7499388)
Philip Rivers (7498713),Lamar Miller (7498729),LeGarrette Blount (7498755),Julio Jones (7498881),Jeremy Maclin (7498955),Travis Benjamin (7498937),Hunter Henry (7499035),Kevin White (7498910),Broncos  (7499389)
Philip Rivers (7498713),Le'Veon Bell (7498829),Matt Jones (7498742),Marvin Jones Jr. (7498906),Jeremy Maclin (7498955),Travis Benjamin (7498937),Travis Kelce (7499044),Cole Beasley (7498949),Panthers  (7499384)
Kirk Cousins (7498671),David Johnson (7498800),LeGarrette Blount (7498755),Julio Jones (7498881),DeSean Jackson (7498845),Travis Benjamin (7498937),Hunter Henry (7499035),Cole Beasley (7498949),Steelers  (7499398)
Carson Palmer (7498706),Le'Veon Bell (7498829),Duke Johnson Jr. (7498741),Julio Jones (7498881),Larry Fitzgerald (7498923),Jeremy Maclin (7498955),Hunter Henry (7499035),Steve Smith Sr. (7498890),Buccaneers  (7499390)
Dak Prescott (7498720),David Johnson (7498800),C.J. Anderson (7498791),Julio Jones (7498881),Marvin Jones Jr. (7498906),Cole Beasley (7498949),Hunter Henry (7499035),Rishard Matthews (7498838),Broncos  (7499389)
Philip Rivers (7498713),David Johnson (7498800),Matt Jones (7498742),Julio Jones (7498881),Travis Benjamin (7498937),John Brown (7498928),Travis Kelce (7499044),Rishard Matthews (7498838),Broncos  (7499389)
Drew Brees (7498711),David Johnson (7498800),Matt Jones (7498742),Julio Jones (7498881),Marvin Jones Jr. (7498906),Steve Smith Sr. (7498890),Hunter Henry (7499035),Michael Thomas (7498943),Jets  (7499379)
Alex Smith (7498721),David Johnson (7498800),LeGarrette Blount (7498755),Julio Jones (7498881),Marvin Jones Jr. (7498906),Jeremy Maclin (7498955),Coby Fleener (7499031),Rishard Matthews (7498838),Raiders  (7499385)
Brian Hoyer (7498697),C.J. Anderson (7498791),LeGarrette Blount (7498755),Julio Jones (7498881),Alshon Jeffery (7498907),Steve Smith Sr. (7498890),Travis Kelce (7499044),Terrelle Pryor Sr. (7498847),Texans  (7499375)
Alex Smith (7498721),David Johnson (7498800),Matt Jones (7498742),Julio Jones (7498881),Alshon Jeffery (7498907),Jeremy Maclin (7498955),Hunter Henry (7499035),Kevin White (7498910),Patriots  (7499382)
Brian Hoyer (7498697),David Johnson (7498800),LeGarrette Blount (7498755),Julio Jones (7498881),Marvin Jones Jr. (7498906),Willie Snead (7498939),Hunter Henry (7499035),Kevin White (7498910),Chiefs  (7499397)
Philip Rivers (7498713),Lamar Miller (7498729),Theo Riddick (7498779),Julio Jones (7498881),Marvin Jones Jr. (7498906),Steve Smith Sr. (7498890),Hunter Henry (7499035),Tyrell Williams (7498942),Steelers  (7499398)
Philip Rivers (7498713),David Johnson (7498800),C.J. Anderson (7498791),Julio Jones (7498881),Steve Smith Sr. (7498890),Tyrell Williams (7498942),Travis Kelce (7499044),Marquise Goodwin (7498872),Jets  (7499379)
Philip Rivers (7498713),C.J. Anderson (7498791),Theo Riddick (7498779),Julio Jones (7498881),Alshon Jeffery (7498907),Travis Benjamin (7498937),Hunter Henry (7499035),Rishard Matthews (7498838),Chiefs  (7499397)
Carson Palmer (7498706),Ezekiel Elliott (7498822),C.J. Anderson (7498791),Julio Jones (7498881),Travis Benjamin (7498937),Steve Smith Sr. (7498890),Hunter Henry (7499035),John Brown (7498928),Broncos  (7499389)
Tyrod Taylor (7498680),Lamar Miller (7498729),C.J. Anderson (7498791),Julio Jones (7498881),Marvin Jones Jr. (7498906),Jeremy Maclin (7498955),Hunter Henry (7499035),Marquise Goodwin (7498872),Jets  (7499379)
Brian Hoyer (7498697),C.J. Anderson (7498791),Duke Johnson Jr. (7498741),Julio Jones (7498881),Marvin Jones Jr. (7498906),Jeremy Maclin (7498955),Travis Kelce (7499044),Kevin White (7498910),Broncos  (7499389)
Philip Rivers (7498713),C.J. Anderson (7498791),Matt Jones (7498742),Julio Jones (7498881),Marvin Jones Jr. (7498906),Travis Benjamin (7498937),Zach Miller (7499006),Steve Smith Sr. (7498890),Bills  (7499381)
Alex Smith (7498721),Lamar Miller (7498729),Duke Johnson Jr. (7498741),Julio Jones (7498881),Alshon Jeffery (7498907),Jeremy Maclin (7498955),Coby Fleener (7499031),Steve Smith Sr. (7498890),Chiefs  (7499397)
Kirk Cousins (7498671),C.J. Anderson (7498791),LeGarrette Blount (7498755),Julio Jones (7498881),Marvin Jones Jr. (7498906),Steve Smith Sr. (7498890),Hunter Henry (7499035),Pierre Garcon (7498846),Cardinals  (7499392)
Kirk Cousins (7498671),Matt Jones (7498742),Duke Johnson Jr. (7498741),Julio Jones (7498881),Marvin Jones Jr. (7498906),DeSean Jackson (7498845),Hunter Henry (7499035),Jeremy Maclin (7498955),Seahawks  (7499380)
Philip Rivers (7498713),Lamar Miller (7498729),Theo Riddick (7498779),Julio Jones (7498881),Travis Benjamin (7498937),Terrelle Pryor Sr. (7498847),Travis Kelce (7499044),Cole Beasley (7498949),Jets  (7499379)
