QB,RB,RB,WR,WR,WR,TE,FLEX,DST
Carson Palmer (0000000),Le'Veon Bell (0000000),Jay Ajayi (0000000),Larry Fitzgerald (0000000),Jordan Matthews (0000000),Tyler Boyd (0000000),Jason Witten (0000000),Spencer Ware (0000000),Saints  (0000000)
Carson Palmer (0000000),Le'Veon Bell (0000000),Theo Riddick (0000000),Antonio Brown (0000000),Jordan Matthews (0000000),Michael Floyd (0000000),Greg Olsen (0000000),Jerick McKinnon (0000000),Saints  (0000000)
Russell Wilson (0000000),Le'Veon Bell (0000000),Jay Ajayi (0000000),Antonio Brown (0000000),Jordan Matthews (0000000),Jermaine Kearse (0000000),Jason Witten (0000000),Jerick McKinnon (0000000),Eagles  (0000000)
Carson Palmer (0000000),Le'Veon Bell (0000000),Theo Riddick (0000000),Antonio Brown (0000000),Larry Fitzgerald (0000000),Adam Thielen (0000000),Jason Witten (0000000),Isaiah Crowell (0000000),Eagles  (0000000)
Ben Roethlisberger (0000000),Le'Veon Bell (0000000),Spencer Ware (0000000),Antonio Brown (0000000),Willie Snead (0000000),Adam Thielen (0000000),Jason Witten (0000000),Jerick McKinnon (0000000),Saints  (0000000)
Carson Palmer (0000000),Le'Veon Bell (0000000),Jay Ajayi (0000000),Larry Fitzgerald (0000000),Willie Snead (0000000),Adam Thielen (0000000),Greg Olsen (0000000),Jerick McKinnon (0000000),Chargers  (0000000)
Carson Wentz (0000000),Le'Veon Bell (0000000),Rashad Jennings (0000000),Antonio Brown (0000000),Golden Tate (0000000),Jordan Matthews (0000000),Jason Witten (0000000),Isaiah Crowell (0000000),Saints  (0000000)
Carson Palmer (0000000),Le'Veon Bell (0000000),Melvin Gordon (0000000),Larry Fitzgerald (0000000),Jordan Matthews (0000000),Jermaine Kearse (0000000),Greg Olsen (0000000),Carlos Hyde (0000000),Eagles  (0000000)
Carson Wentz (0000000),Le'Veon Bell (0000000),Spencer Ware (0000000),Antonio Brown (0000000),Jordan Matthews (0000000),Tyler Boyd (0000000),Lance Kendricks (0000000),Theo Riddick (0000000),Falcons  (0000000)
Andy Dalton (0000000),Le'Veon Bell (0000000),Jay Ajayi (0000000),Antonio Brown (0000000),Tyler Boyd (0000000),Adam Thielen (0000000),Jason Witten (0000000),Carlos Hyde (0000000),Chargers  (0000000)
Carson Wentz (0000000),Le'Veon Bell (0000000),Spencer Ware (0000000),Larry Fitzgerald (0000000),Golden Tate (0000000),Jordan Matthews (0000000),Greg Olsen (0000000),Jerick McKinnon (0000000),Cowboys  (0000000)
Russell Wilson (0000000),Le'Veon Bell (0000000),Jay Ajayi (0000000),Tyler Boyd (0000000),Adam Thielen (0000000),Jermaine Kearse (0000000),Greg Olsen (0000000),Melvin Gordon (0000000),Saints  (0000000)
Carson Palmer (0000000),Le'Veon Bell (0000000),Spencer Ware (0000000),Antonio Brown (0000000),Tyler Boyd (0000000),John Brown (0000000),Greg Olsen (0000000),Isaiah Crowell (0000000),Chargers  (0000000)
Carson Palmer (0000000),Le'Veon Bell (0000000),Spencer Ware (0000000),Antonio Brown (0000000),Larry Fitzgerald (0000000),Pierre Garcon (0000000),Lance Kendricks (0000000),Jerick McKinnon (0000000),Ravens  (0000000)
Kirk Cousins (0000000),Le'Veon Bell (0000000),Jay Ajayi (0000000),Antonio Brown (0000000),Tyler Boyd (0000000),Pierre Garcon (0000000),Travis Kelce (0000000),Jerick McKinnon (0000000),Saints  (0000000)
Carson Palmer (0000000),Jay Ajayi (0000000),Melvin Gordon (0000000),Antonio Brown (0000000),Michael Floyd (0000000),Adam Thielen (0000000),Kyle Rudolph (0000000),Spencer Ware (0000000),Saints  (0000000)
Carson Palmer (0000000),Le'Veon Bell (0000000),Jay Ajayi (0000000),Golden Tate (0000000),Michael Floyd (0000000),Anquan Boldin (0000000),Greg Olsen (0000000),Spencer Ware (0000000),Eagles  (0000000)
Carson Palmer (0000000),Le'Veon Bell (0000000),Spencer Ware (0000000),Antonio Brown (0000000),Michael Floyd (0000000),Corey Coleman (0000000),Jason Witten (0000000),Rashad Jennings (0000000),Cowboys  (0000000)
Carson Palmer (0000000),Le'Veon Bell (0000000),Melvin Gordon (0000000),Larry Fitzgerald (0000000),Brandon Marshall (0000000),Adam Thielen (0000000),Cameron Brate (0000000),Rashad Jennings (0000000),Saints  (0000000)
Carson Palmer (0000000),Jay Ajayi (0000000),Carlos Hyde (0000000),Antonio Brown (0000000),Larry Fitzgerald (0000000),Anquan Boldin (0000000),Greg Olsen (0000000),Isaiah Crowell (0000000),Saints  (0000000)
Andy Dalton (0000000),Le'Veon Bell (0000000),Jerick McKinnon (0000000),Antonio Brown (0000000),Larry Fitzgerald (0000000),Tyler Boyd (0000000),Greg Olsen (0000000),Anquan Boldin (0000000),Eagles  (0000000)
Kirk Cousins (0000000),Le'Veon Bell (0000000),Melvin Gordon (0000000),Antonio Brown (0000000),Pierre Garcon (0000000),Jermaine Kearse (0000000),Jason Witten (0000000),Spencer Ware (0000000),Chargers  (0000000)
Carson Palmer (0000000),Le'Veon Bell (0000000),Melvin Gordon (0000000),Antonio Brown (0000000),Brandon Marshall (0000000),John Brown (0000000),Jason Witten (0000000),Jerick McKinnon (0000000),Steelers  (0000000)
Carson Palmer (0000000),Le'Veon Bell (0000000),Jay Ajayi (0000000),Antonio Brown (0000000),John Brown (0000000),Jermaine Kearse (0000000),Dennis Pitta (0000000),Rashad Jennings (0000000),Saints  (0000000)
Dak Prescott (0000000),Le'Veon Bell (0000000),Jay Ajayi (0000000),Antonio Brown (0000000),Anquan Boldin (0000000),Terrance Williams (0000000),Jason Witten (0000000),Theo Riddick (0000000),Saints  (0000000)
Andy Dalton (0000000),Le'Veon Bell (0000000),Spencer Ware (0000000),Mike Evans (0000000),Tyler Boyd (0000000),Pierre Garcon (0000000),Greg Olsen (0000000),Theo Riddick (0000000),Saints  (0000000)
Derek Carr (0000000),Le'Veon Bell (0000000),Melvin Gordon (0000000),Amari Cooper (0000000),Larry Fitzgerald (0000000),Pierre Garcon (0000000),Jason Witten (0000000),Jerick McKinnon (0000000),Saints  (0000000)
Carson Palmer (0000000),Le'Veon Bell (0000000),Jay Ajayi (0000000),Antonio Brown (0000000),Michael Floyd (0000000),Pierre Garcon (0000000),Cameron Brate (0000000),Carlos Hyde (0000000),Steelers  (0000000)
Carson Palmer (0000000),Jay Ajayi (0000000),Jerick McKinnon (0000000),Antonio Brown (0000000),Mike Evans (0000000),Larry Fitzgerald (0000000),Jason Witten (0000000),Corey Coleman (0000000),Cardinals  (0000000)
Carson Palmer (0000000),Le'Veon Bell (0000000),Spencer Ware (0000000),Antonio Brown (0000000),Brandon Marshall (0000000),J.J. Nelson (0000000),Jared Cook (0000000),Carlos Hyde (0000000),Saints  (0000000)
Cam Newton (0000000),Le'Veon Bell (0000000),Spencer Ware (0000000),Antonio Brown (0000000),Ted Ginn (0000000),Anquan Boldin (0000000),Greg Olsen (0000000),Jermaine Kearse (0000000),Saints  (0000000)
Kirk Cousins (0000000),Le'Veon Bell (0000000),Jay Ajayi (0000000),Larry Fitzgerald (0000000),Golden Tate (0000000),Pierre Garcon (0000000),Jason Witten (0000000),Carlos Hyde (0000000),Eagles  (0000000)
Carson Palmer (0000000),Le'Veon Bell (0000000),Duke Johnson (0000000),Antonio Brown (0000000),Larry Fitzgerald (0000000),Willie Snead (0000000),Kyle Rudolph (0000000),Corey Coleman (0000000),Saints  (0000000)
Carson Palmer (0000000),Le'Veon Bell (0000000),Jay Ajayi (0000000),Larry Fitzgerald (0000000),Golden Tate (0000000),Corey Coleman (0000000),Lance Kendricks (0000000),Theo Riddick (0000000),Cowboys  (0000000)
Carson Palmer (0000000),Le'Veon Bell (0000000),Melvin Gordon (0000000),Mike Evans (0000000),Golden Tate (0000000),J.J. Nelson (0000000),Jason Witten (0000000),Theo Riddick (0000000),Saints  (0000000)
Matthew Stafford (0000000),Le'Veon Bell (0000000),Jay Ajayi (0000000),Brandon Marshall (0000000),Golden Tate (0000000),Corey Coleman (0000000),Greg Olsen (0000000),Jerick McKinnon (0000000),Saints  (0000000)
Carson Palmer (0000000),Le'Veon Bell (0000000),DeMarco Murray (0000000),Mike Evans (0000000),Larry Fitzgerald (0000000),Anquan Boldin (0000000),Travis Kelce (0000000),Jerick McKinnon (0000000),Saints  (0000000)
Josh McCown (0000000),Le'Veon Bell (0000000),Melvin Gordon (0000000),Antonio Brown (0000000),Terrelle Pryor (0000000),Corey Coleman (0000000),Jason Witten (0000000),Tyler Boyd (0000000),Saints  (0000000)
Carson Palmer (0000000),Jay Ajayi (0000000),Spencer Ware (0000000),Amari Cooper (0000000),Mike Evans (0000000),John Brown (0000000),Greg Olsen (0000000),Jerick McKinnon (0000000),Saints  (0000000)
Ben Roethlisberger (0000000),Jay Ajayi (0000000),Spencer Ware (0000000),Antonio Brown (0000000),Corey Coleman (0000000),Tyler Boyd (0000000),Jason Witten (0000000),Theo Riddick (0000000),Eagles  (0000000)
Kirk Cousins (0000000),Le'Veon Bell (0000000),Spencer Ware (0000000),Antonio Brown (0000000),DeSean Jackson (0000000),Chris Conley (0000000),Greg Olsen (0000000),Jerick McKinnon (0000000),Falcons  (0000000)
Carson Palmer (0000000),Le'Veon Bell (0000000),Jay Ajayi (0000000),Antonio Brown (0000000),J.J. Nelson (0000000),Tyler Boyd (0000000),Dwayne Allen (0000000),Theo Riddick (0000000),Cardinals  (0000000)
Carson Palmer (0000000),Le'Veon Bell (0000000),Rashad Jennings (0000000),Larry Fitzgerald (0000000),DeSean Jackson (0000000),Tyler Boyd (0000000),Greg Olsen (0000000),Theo Riddick (0000000),Steelers  (0000000)
Carson Palmer (0000000),Le'Veon Bell (0000000),Carlos Hyde (0000000),Antonio Brown (0000000),Larry Fitzgerald (0000000),Tyler Boyd (0000000),Travis Kelce (0000000),Eddie Royal (0000000),Cowboys  (0000000)
Kirk Cousins (0000000),Spencer Ware (0000000),Rashad Jennings (0000000),Antonio Brown (0000000),Larry Fitzgerald (0000000),DeSean Jackson (0000000),Jason Witten (0000000),Theo Riddick (0000000),Saints  (0000000)
Carson Palmer (0000000),Le'Veon Bell (0000000),Jay Ajayi (0000000),Amari Cooper (0000000),DeSean Jackson (0000000),Michael Floyd (0000000),Jason Witten (0000000),Theo Riddick (0000000),Chargers  (0000000)
Carson Palmer (0000000),Le'Veon Bell (0000000),Spencer Ware (0000000),Larry Fitzgerald (0000000),Terrelle Pryor (0000000),Anquan Boldin (0000000),Tyler Eifert (0000000),Theo Riddick (0000000),Chargers  (0000000)
Scott Tolzien (0000000),Le'Veon Bell (0000000),Jay Ajayi (0000000),T.Y. Hilton (0000000),Mike Evans (0000000),Eddie Royal (0000000),Jason Witten (0000000),Jerick McKinnon (0000000),Saints  (0000000)
Scott Tolzien (0000000),Le'Veon Bell (0000000),Jay Ajayi (0000000),Antonio Brown (0000000),John Brown (0000000),Phillip Dorsett (0000000),Jason Witten (0000000),Spencer Ware (0000000),Cardinals  (0000000)
Carson Wentz (0000000),Le'Veon Bell (0000000),Jay Ajayi (0000000),Larry Fitzgerald (0000000),John Brown (0000000),Nelson Agholor (0000000),Greg Olsen (0000000),Theo Riddick (0000000),Saints  (0000000)
Blake Bortles (0000000),Le'Veon Bell (0000000),Spencer Ware (0000000),Antonio Brown (0000000),Tyler Boyd (0000000),Allen Hurns (0000000),Kyle Rudolph (0000000),Rashad Jennings (0000000),Saints  (0000000)
Carson Palmer (0000000),Le'Veon Bell (0000000),Jay Ajayi (0000000),Mike Evans (0000000),Terrelle Pryor (0000000),John Brown (0000000),Jason Witten (0000000),Carlos Hyde (0000000),Cowboys  (0000000)
Carson Palmer (0000000),Le'Veon Bell (0000000),Jay Ajayi (0000000),Mike Evans (0000000),Michael Floyd (0000000),Allen Hurns (0000000),Tyler Eifert (0000000),Isaiah Crowell (0000000),Saints  (0000000)
Carson Palmer (0000000),Jay Ajayi (0000000),Rashad Jennings (0000000),Antonio Brown (0000000),Brandon Marshall (0000000),J.J. Nelson (0000000),Greg Olsen (0000000),Jerick McKinnon (0000000),Eagles  (0000000)
Carson Palmer (0000000),Le'Veon Bell (0000000),Melvin Gordon (0000000),Antonio Brown (0000000),Michael Floyd (0000000),Tavon Austin (0000000),Eric Ebron (0000000),Tyler Boyd (0000000),Eagles  (0000000)
Carson Palmer (0000000),Le'Veon Bell (0000000),Jay Ajayi (0000000),Larry Fitzgerald (0000000),Brandon Marshall (0000000),Mohamed Sanu (0000000),Kyle Rudolph (0000000),Isaiah Crowell (0000000),Ravens  (0000000)
Carson Wentz (0000000),Le'Veon Bell (0000000),Jay Ajayi (0000000),Antonio Brown (0000000),Eddie Royal (0000000),Dorial Green-Beckham (0000000),Cameron Brate (0000000),Spencer Ware (0000000),Saints  (0000000)
Derek Carr (0000000),Le'Veon Bell (0000000),Jay Ajayi (0000000),Amari Cooper (0000000),Tyler Boyd (0000000),Marquise Goodwin (0000000),Greg Olsen (0000000),Jerick McKinnon (0000000),Falcons  (0000000)
Ben Roethlisberger (0000000),Le'Veon Bell (0000000),Isaiah Crowell (0000000),Antonio Brown (0000000),Larry Fitzgerald (0000000),Tyler Boyd (0000000),Cameron Brate (0000000),Marquise Goodwin (0000000),Saints  (0000000)
Ben Roethlisberger (0000000),Le'Veon Bell (0000000),Rashad Jennings (0000000),Antonio Brown (0000000),Tavon Austin (0000000),Jermaine Kearse (0000000),Greg Olsen (0000000),Jerick McKinnon (0000000),Chargers  (0000000)
Colin Kaepernick (0000000),Le'Veon Bell (0000000),Rashad Jennings (0000000),Antonio Brown (0000000),Larry Fitzgerald (0000000),Jeremy Kerley (0000000),Eric Ebron (0000000),Jerick McKinnon (0000000),Saints  (0000000)
Carson Palmer (0000000),Le'Veon Bell (0000000),Spencer Ware (0000000),Larry Fitzgerald (0000000),Brandon Marshall (0000000),Tavon Austin (0000000),Greg Olsen (0000000),Duke Johnson (0000000),Cardinals  (0000000)
Andy Dalton (0000000),Le'Veon Bell (0000000),Jay Ajayi (0000000),Brandon Marshall (0000000),Brandon LaFell (0000000),Michael Floyd (0000000),Jason Witten (0000000),Melvin Gordon (0000000),Saints  (0000000)
Kirk Cousins (0000000),Le'Veon Bell (0000000),Jay Ajayi (0000000),Willie Snead (0000000),DeSean Jackson (0000000),Jermaine Kearse (0000000),Tyler Eifert (0000000),Spencer Ware (0000000),Saints  (0000000)
Carson Palmer (0000000),Le'Veon Bell (0000000),Jay Ajayi (0000000),Jordy Nelson (0000000),Julian Edelman (0000000),J.J. Nelson (0000000),Kyle Rudolph (0000000),Jerick McKinnon (0000000),Saints  (0000000)
Derek Carr (0000000),Le'Veon Bell (0000000),Jay Ajayi (0000000),Amari Cooper (0000000),Tavon Austin (0000000),Jermaine Kearse (0000000),Jason Witten (0000000),Spencer Ware (0000000),Ravens  (0000000)
Carson Palmer (0000000),Le'Veon Bell (0000000),Doug Martin (0000000),Larry Fitzgerald (0000000),Terrelle Pryor (0000000),Golden Tate (0000000),Greg Olsen (0000000),Allen Hurns (0000000),Saints  (0000000)
Carson Palmer (0000000),Le'Veon Bell (0000000),LeSean McCoy (0000000),Larry Fitzgerald (0000000),Golden Tate (0000000),Mohamed Sanu (0000000),Jason Witten (0000000),Rashad Jennings (0000000),Chargers  (0000000)
Russell Wilson (0000000),Le'Veon Bell (0000000),Spencer Ware (0000000),Larry Fitzgerald (0000000),Allen Hurns (0000000),Jermaine Kearse (0000000),Greg Olsen (0000000),Theo Riddick (0000000),Ravens  (0000000)
Carson Palmer (0000000),Melvin Gordon (0000000),Spencer Ware (0000000),Larry Fitzgerald (0000000),Julian Edelman (0000000),Eddie Royal (0000000),Greg Olsen (0000000),Theo Riddick (0000000),Saints  (0000000)
Russell Wilson (0000000),Le'Veon Bell (0000000),Carlos Hyde (0000000),Larry Fitzgerald (0000000),Doug Baldwin (0000000),Mohamed Sanu (0000000),Greg Olsen (0000000),Jerick McKinnon (0000000),Saints  (0000000)
Cam Newton (0000000),Le'Veon Bell (0000000),Jay Ajayi (0000000),Brandon Marshall (0000000),Mohamed Sanu (0000000),Ted Ginn (0000000),Jason Witten (0000000),Spencer Ware (0000000),Eagles  (0000000)
Derek Carr (0000000),Le'Veon Bell (0000000),Spencer Ware (0000000),Amari Cooper (0000000),Michael Floyd (0000000),Mohamed Sanu (0000000),Greg Olsen (0000000),Isaiah Crowell (0000000),Saints  (0000000)
Russell Wilson (0000000),Le'Veon Bell (0000000),LeSean McCoy (0000000),Mike Evans (0000000),Mohamed Sanu (0000000),Jermaine Kearse (0000000),Jason Witten (0000000),Spencer Ware (0000000),Saints  (0000000)
Andy Dalton (0000000),Le'Veon Bell (0000000),Jay Ajayi (0000000),Golden Tate (0000000),Mohamed Sanu (0000000),Tyler Boyd (0000000),Tyler Eifert (0000000),Rashad Jennings (0000000),Saints  (0000000)
Andy Dalton (0000000),Le'Veon Bell (0000000),Jay Ajayi (0000000),Larry Fitzgerald (0000000),Tavon Austin (0000000),Tyler Boyd (0000000),Lance Kendricks (0000000),Melvin Gordon (0000000),Steelers  (0000000)
Kirk Cousins (0000000),Le'Veon Bell (0000000),Jay Ajayi (0000000),Julian Edelman (0000000),DeSean Jackson (0000000),Tyler Boyd (0000000),Jason Witten (0000000),Rashad Jennings (0000000),Falcons  (0000000)
Colin Kaepernick (0000000),Le'Veon Bell (0000000),Jay Ajayi (0000000),Terrelle Pryor (0000000),Tyler Boyd (0000000),Quinton Patton (0000000),Greg Olsen (0000000),Spencer Ware (0000000),Cowboys  (0000000)
Kirk Cousins (0000000),Le'Veon Bell (0000000),Melvin Gordon (0000000),Larry Fitzgerald (0000000),DeSean Jackson (0000000),Tyler Boyd (0000000),Cameron Brate (0000000),Spencer Ware (0000000),Eagles  (0000000)
Colin Kaepernick (0000000),Le'Veon Bell (0000000),Jay Ajayi (0000000),Larry Fitzgerald (0000000),Brandon Marshall (0000000),Quinton Patton (0000000),Jason Witten (0000000),Theo Riddick (0000000),Cardinals  (0000000)
Brock Osweiler (0000000),Le'Veon Bell (0000000),Jay Ajayi (0000000),DeAndre Hopkins (0000000),J.J. Nelson (0000000),Chris Conley (0000000),Greg Olsen (0000000),Spencer Ware (0000000),Saints  (0000000)
Cam Newton (0000000),Le'Veon Bell (0000000),Jay Ajayi (0000000),Larry Fitzgerald (0000000),Ted Ginn (0000000),Marquise Goodwin (0000000),Tyler Eifert (0000000),Jerick McKinnon (0000000),Saints  (0000000)
Alex Smith (0000000),Le'Veon Bell (0000000),Jay Ajayi (0000000),Larry Fitzgerald (0000000),Tyreek Hill (0000000),Tyler Boyd (0000000),Greg Olsen (0000000),Isaiah Crowell (0000000),Cardinals  (0000000)
Jameis Winston (0000000),Le'Veon Bell (0000000),Jay Ajayi (0000000),Mike Evans (0000000),Tyler Boyd (0000000),Quinton Patton (0000000),Jason Witten (0000000),Melvin Gordon (0000000),Eagles  (0000000)
Aaron Rodgers (0000000),Le'Veon Bell (0000000),Spencer Ware (0000000),Jordy Nelson (0000000),Larry Fitzgerald (0000000),Tavon Austin (0000000),Jason Witten (0000000),Jerick McKinnon (0000000),Chargers  (0000000)
Derek Carr (0000000),Le'Veon Bell (0000000),Spencer Ware (0000000),Michael Crabtree (0000000),Brandon Marshall (0000000),Tyreek Hill (0000000),Jason Witten (0000000),Theo Riddick (0000000),Saints  (0000000)
Andy Dalton (0000000),Le'Veon Bell (0000000),Jay Ajayi (0000000),Brandon Marshall (0000000),Tyreek Hill (0000000),Tyler Boyd (0000000),Travis Kelce (0000000),Spencer Ware (0000000),Falcons  (0000000)
Russell Wilson (0000000),Le'Veon Bell (0000000),Jay Ajayi (0000000),Julian Edelman (0000000),Doug Baldwin (0000000),Marquise Goodwin (0000000),Jason Witten (0000000),Isaiah Crowell (0000000),Saints  (0000000)
Blake Bortles (0000000),Le'Veon Bell (0000000),Melvin Gordon (0000000),Mike Evans (0000000),Willie Snead (0000000),Allen Hurns (0000000),Greg Olsen (0000000),Jerick McKinnon (0000000),Saints  (0000000)
Colin Kaepernick (0000000),Le'Veon Bell (0000000),Melvin Gordon (0000000),Larry Fitzgerald (0000000),Golden Tate (0000000),Jeremy Kerley (0000000),Jason Witten (0000000),Spencer Ware (0000000),Steelers  (0000000)
Matthew Stafford (0000000),Le'Veon Bell (0000000),Melvin Gordon (0000000),Golden Tate (0000000),Tyler Boyd (0000000),Allen Hurns (0000000),Greg Olsen (0000000),Spencer Ware (0000000),Falcons  (0000000)
Andy Dalton (0000000),Le'Veon Bell (0000000),Spencer Ware (0000000),Larry Fitzgerald (0000000),Terrelle Pryor (0000000),Brandon LaFell (0000000),Jordan Reed (0000000),Jerick McKinnon (0000000),Saints  (0000000)
Scott Tolzien (0000000),Le'Veon Bell (0000000),Spencer Ware (0000000),T.Y. Hilton (0000000),Brandon Marshall (0000000),Allen Hurns (0000000),Greg Olsen (0000000),Jerick McKinnon (0000000),Eagles  (0000000)
Cam Newton (0000000),Le'Veon Bell (0000000),Jay Ajayi (0000000),DeVante Parker (0000000),Tyler Boyd (0000000),Ted Ginn (0000000),Greg Olsen (0000000),Theo Riddick (0000000),Chargers  (0000000)
Andy Dalton (0000000),Le'Veon Bell (0000000),Melvin Gordon (0000000),Amari Cooper (0000000),DeVante Parker (0000000),Tyler Boyd (0000000),Jason Witten (0000000),Spencer Ware (0000000),Cowboys  (0000000)
Matthew Stafford (0000000),Le'Veon Bell (0000000),Jay Ajayi (0000000),Golden Tate (0000000),Willie Snead (0000000),Tyreek Hill (0000000),Jason Witten (0000000),Spencer Ware (0000000),Chargers  (0000000)
Scott Tolzien (0000000),Le'Veon Bell (0000000),Melvin Gordon (0000000),T.Y. Hilton (0000000),J.J. Nelson (0000000),Tyler Boyd (0000000),Travis Kelce (0000000),Spencer Ware (0000000),Saints  (0000000)
Russell Wilson (0000000),Le'Veon Bell (0000000),Spencer Ware (0000000),Golden Tate (0000000),Tyreek Hill (0000000),Tyler Lockett (0000000),Greg Olsen (0000000),Rashad Jennings (0000000),Saints  (0000000)
Andy Dalton (0000000),Le'Veon Bell (0000000),Jay Ajayi (0000000),Rishard Matthews (0000000),Brandon LaFell (0000000),Jermaine Kearse (0000000),Greg Olsen (0000000),Spencer Ware (0000000),Chargers  (0000000)
Ryan Tannehill (0000000),Le'Veon Bell (0000000),Ezekiel Elliott (0000000),Golden Tate (0000000),DeVante Parker (0000000),Jermaine Kearse (0000000),Jason Witten (0000000),Jay Ajayi (0000000),Saints  (0000000)
Aaron Rodgers (0000000),Le'Veon Bell (0000000),Jay Ajayi (0000000),Jordy Nelson (0000000),Tyler Boyd (0000000),Marquise Goodwin (0000000),Jason Witten (0000000),Theo Riddick (0000000),Steelers  (0000000)
Derek Carr (0000000),Le'Veon Bell (0000000),Jay Ajayi (0000000),Mike Evans (0000000),Quinton Patton (0000000),Seth Roberts (0000000),Greg Olsen (0000000),Carlos Hyde (0000000),Saints  (0000000)
Jameis Winston (0000000),Le'Veon Bell (0000000),Jay Ajayi (0000000),Mike Evans (0000000),Golden Tate (0000000),Jeremy Kerley (0000000),Jared Cook (0000000),Spencer Ware (0000000),Saints  (0000000)
Jameis Winston (0000000),Le'Veon Bell (0000000),Jay Ajayi (0000000),Mike Evans (0000000),Michael Floyd (0000000),Tavon Austin (0000000),Greg Olsen (0000000),Jerick McKinnon (0000000),Cowboys  (0000000)
Dak Prescott (0000000),Le'Veon Bell (0000000),Melvin Gordon (0000000),Brandon Marshall (0000000),Marquise Goodwin (0000000),Terrance Williams (0000000),Greg Olsen (0000000),Spencer Ware (0000000),Saints  (0000000)
Andy Dalton (0000000),Le'Veon Bell (0000000),Spencer Ware (0000000),Mike Evans (0000000),Golden Tate (0000000),Brandon LaFell (0000000),Jason Witten (0000000),Rashad Jennings (0000000),Eagles  (0000000)
Alex Smith (0000000),Le'Veon Bell (0000000),Jay Ajayi (0000000),DeAndre Hopkins (0000000),Terrelle Pryor (0000000),Tyreek Hill (0000000),Jason Witten (0000000),Rashad Jennings (0000000),Saints  (0000000)
Russell Wilson (0000000),Le'Veon Bell (0000000),Jay Ajayi (0000000),Doug Baldwin (0000000),Tyler Boyd (0000000),Eddie Royal (0000000),Kyle Rudolph (0000000),Spencer Ware (0000000),Chargers  (0000000)
Scott Tolzien (0000000),Le'Veon Bell (0000000),Jay Ajayi (0000000),T.Y. Hilton (0000000),Marquise Goodwin (0000000),Jermaine Kearse (0000000),Greg Olsen (0000000),Theo Riddick (0000000),Cardinals  (0000000)
Aaron Rodgers (0000000),Le'Veon Bell (0000000),LeSean McCoy (0000000),Jordy Nelson (0000000),Tyler Boyd (0000000),Jeremy Kerley (0000000),Greg Olsen (0000000),Jerick McKinnon (0000000),Saints  (0000000)
Andy Dalton (0000000),Le'Veon Bell (0000000),Jay Ajayi (0000000),Michael Floyd (0000000),Tyler Boyd (0000000),Eddie Royal (0000000),Greg Olsen (0000000),LeSean McCoy (0000000),Bengals  (0000000)
Colin Kaepernick (0000000),Le'Veon Bell (0000000),Jay Ajayi (0000000),Amari Cooper (0000000),Willie Snead (0000000),Jeremy Kerley (0000000),Jason Witten (0000000),Carlos Hyde (0000000),Saints  (0000000)
Colin Kaepernick (0000000),Le'Veon Bell (0000000),Spencer Ware (0000000),Mike Evans (0000000),Julian Edelman (0000000),Quinton Patton (0000000),Tyler Eifert (0000000),Jerick McKinnon (0000000),Saints  (0000000)
Eli Manning (0000000),Le'Veon Bell (0000000),Jay Ajayi (0000000),Odell Beckham (0000000),Tyreek Hill (0000000),Tyler Boyd (0000000),Jason Witten (0000000),Jerick McKinnon (0000000),Cowboys  (0000000)
Derek Carr (0000000),Le'Veon Bell (0000000),Spencer Ware (0000000),Michael Crabtree (0000000),Tyler Boyd (0000000),Eddie Royal (0000000),Greg Olsen (0000000),Rashad Jennings (0000000),Eagles  (0000000)
Ben Roethlisberger (0000000),Le'Veon Bell (0000000),Jay Ajayi (0000000),Brandon Marshall (0000000),Eli Rogers (0000000),Tyler Boyd (0000000),Dennis Pitta (0000000),Theo Riddick (0000000),Saints  (0000000)
Scott Tolzien (0000000),Le'Veon Bell (0000000),Jay Ajayi (0000000),Donte Moncrief (0000000),Michael Floyd (0000000),Jeremy Kerley (0000000),Greg Olsen (0000000),Rashad Jennings (0000000),Saints  (0000000)
Kirk Cousins (0000000),Le'Veon Bell (0000000),Jay Ajayi (0000000),Jamison Crowder (0000000),Terrelle Pryor (0000000),Cordarrelle Patterson (0000000),Greg Olsen (0000000),Isaiah Crowell (0000000),Saints  (0000000)
Sam Bradford (0000000),Le'Veon Bell (0000000),Melvin Gordon (0000000),Julian Edelman (0000000),DeAndre Hopkins (0000000),Cordarrelle Patterson (0000000),Jason Witten (0000000),Spencer Ware (0000000),Saints  (0000000)
Ben Roethlisberger (0000000),Le'Veon Bell (0000000),Jay Ajayi (0000000),Julian Edelman (0000000),Golden Tate (0000000),Eli Rogers (0000000),Jason Witten (0000000),Jerick McKinnon (0000000),Steelers  (0000000)
Aaron Rodgers (0000000),Jay Ajayi (0000000),Melvin Gordon (0000000),Jordy Nelson (0000000),Golden Tate (0000000),Quinton Patton (0000000),Jason Witten (0000000),Spencer Ware (0000000),Saints  (0000000)
Derek Carr (0000000),Jay Ajayi (0000000),Spencer Ware (0000000),Amari Cooper (0000000),DeVante Parker (0000000),Tyler Boyd (0000000),Tyler Eifert (0000000),Theo Riddick (0000000),Saints  (0000000)
Russell Wilson (0000000),Jay Ajayi (0000000),Spencer Ware (0000000),Mike Evans (0000000),DeVante Parker (0000000),Jermaine Kearse (0000000),Greg Olsen (0000000),Rashad Jennings (0000000),Eagles  (0000000)
Scott Tolzien (0000000),Jay Ajayi (0000000),Spencer Ware (0000000),T.Y. Hilton (0000000),Willie Snead (0000000),DeVante Parker (0000000),Greg Olsen (0000000),Carlos Hyde (0000000),Saints  (0000000)
Colin Kaepernick (0000000),Jay Ajayi (0000000),Spencer Ware (0000000),Demaryius Thomas (0000000),Brandon Marshall (0000000),Jeremy Kerley (0000000),Greg Olsen (0000000),Theo Riddick (0000000),Saints  (0000000)
Ben Roethlisberger (0000000),Jay Ajayi (0000000),LeSean McCoy (0000000),Golden Tate (0000000),Eli Rogers (0000000),Jermaine Kearse (0000000),Greg Olsen (0000000),Spencer Ware (0000000),Saints  (0000000)
Andy Dalton (0000000),Jay Ajayi (0000000),Rashad Jennings (0000000),Mike Evans (0000000),Julian Edelman (0000000),Brandon LaFell (0000000),Greg Olsen (0000000),Isaiah Crowell (0000000),Saints  (0000000)
Blake Bortles (0000000),Jay Ajayi (0000000),Spencer Ware (0000000),Mike Evans (0000000),Allen Robinson (0000000),Brandon LaFell (0000000),Jason Witten (0000000),Theo Riddick (0000000),Saints  (0000000)
Derek Carr (0000000),Jay Ajayi (0000000),Melvin Gordon (0000000),Michael Crabtree (0000000),DeAndre Hopkins (0000000),DeVante Parker (0000000),Greg Olsen (0000000),Jerick McKinnon (0000000),Saints  (0000000)
Andy Dalton (0000000),Jay Ajayi (0000000),Melvin Gordon (0000000),Amari Cooper (0000000),Golden Tate (0000000),Brandon LaFell (0000000),Greg Olsen (0000000),Jerick McKinnon (0000000),Eagles  (0000000)
Derek Carr (0000000),Jay Ajayi (0000000),Spencer Ware (0000000),Amari Cooper (0000000),Golden Tate (0000000),Cordarrelle Patterson (0000000),Greg Olsen (0000000),Carlos Hyde (0000000),Chargers  (0000000)
Derek Carr (0000000),DeMarco Murray (0000000),Jay Ajayi (0000000),Amari Cooper (0000000),Golden Tate (0000000),Adam Humphries (0000000),Jason Witten (0000000),Rashad Jennings (0000000),Saints  (0000000)
Ryan Tannehill (0000000),Jay Ajayi (0000000),Melvin Gordon (0000000),Jarvis Landry (0000000),Terrelle Pryor (0000000),Adam Humphries (0000000),Greg Olsen (0000000),Spencer Ware (0000000),Saints  (0000000)
Ben Roethlisberger (0000000),Jay Ajayi (0000000),Spencer Ware (0000000),Mike Evans (0000000),Brandon Marshall (0000000),Eli Rogers (0000000),Jason Witten (0000000),Carlos Hyde (0000000),Falcons  (0000000)
Aaron Rodgers (0000000),Jay Ajayi (0000000),Spencer Ware (0000000),Jordy Nelson (0000000),Brandon Marshall (0000000),Adam Humphries (0000000),Greg Olsen (0000000),Jerick McKinnon (0000000),Ravens  (0000000)
Cam Newton (0000000),Ezekiel Elliott (0000000),Jay Ajayi (0000000),Michael Floyd (0000000),Ted Ginn (0000000),Quinton Patton (0000000),Greg Olsen (0000000),Melvin Gordon (0000000),Saints  (0000000)
Scott Tolzien (0000000),Jay Ajayi (0000000),Melvin Gordon (0000000),T.Y. Hilton (0000000),Julian Edelman (0000000),Adam Humphries (0000000),Jason Witten (0000000),Spencer Ware (0000000),Chargers  (0000000)
Sam Bradford (0000000),Jay Ajayi (0000000),Spencer Ware (0000000),Mike Evans (0000000),Brandon Marshall (0000000),Cordarrelle Patterson (0000000),Tyler Eifert (0000000),Rashad Jennings (0000000),Saints  (0000000)
Kirk Cousins (0000000),Ezekiel Elliott (0000000),Jay Ajayi (0000000),Brandon Marshall (0000000),Jamison Crowder (0000000),Adam Humphries (0000000),Jason Witten (0000000),Spencer Ware (0000000),Saints  (0000000)
Derek Carr (0000000),Jay Ajayi (0000000),Melvin Gordon (0000000),Amari Cooper (0000000),Brandon Marshall (0000000),Cordarrelle Patterson (0000000),Jason Witten (0000000),Theo Riddick (0000000),Eagles  (0000000)
Russell Wilson (0000000),Ezekiel Elliott (0000000),Jay Ajayi (0000000),Amari Cooper (0000000),Cordarrelle Patterson (0000000),Jermaine Kearse (0000000),Travis Kelce (0000000),Spencer Ware (0000000),Saints  (0000000)
Russell Wilson (0000000),Jay Ajayi (0000000),Spencer Ware (0000000),Doug Baldwin (0000000),Golden Tate (0000000),Adam Humphries (0000000),Greg Olsen (0000000),Theo Riddick (0000000),Cardinals  (0000000)
Jameis Winston (0000000),Jay Ajayi (0000000),Spencer Ware (0000000),Mike Evans (0000000),Terrelle Pryor (0000000),Cordarrelle Patterson (0000000),Greg Olsen (0000000),Theo Riddick (0000000),Falcons  (0000000)
Tom Brady (0000000),Jay Ajayi (0000000),Spencer Ware (0000000),Julio Jones (0000000),Julian Edelman (0000000),Marqise Lee (0000000),Jason Witten (0000000),Jerick McKinnon (0000000),Saints  (0000000)
Blake Bortles (0000000),Jay Ajayi (0000000),Melvin Gordon (0000000),Julian Edelman (0000000),Golden Tate (0000000),Marqise Lee (0000000),Greg Olsen (0000000),Carlos Hyde (0000000),Saints  (0000000)
Russell Wilson (0000000),Jay Ajayi (0000000),Melvin Gordon (0000000),Odell Beckham (0000000),Cameron Meredith (0000000),Jermaine Kearse (0000000),Jason Witten (0000000),Spencer Ware (0000000),Falcons  (0000000)
Drew Brees (0000000),Jay Ajayi (0000000),Melvin Gordon (0000000),Mike Evans (0000000),Willie Snead (0000000),Marqise Lee (0000000),Jason Witten (0000000),Rashad Jennings (0000000),Saints  (0000000)
Ben Roethlisberger (0000000),Melvin Gordon (0000000),Spencer Ware (0000000),Mike Evans (0000000),Terrelle Pryor (0000000),Eli Rogers (0000000),Greg Olsen (0000000),Jerick McKinnon (0000000),Eagles  (0000000)
Brock Osweiler (0000000),Jay Ajayi (0000000),Melvin Gordon (0000000),Mike Evans (0000000),DeAndre Hopkins (0000000),Quincy Enunwa (0000000),Jason Witten (0000000),Spencer Ware (0000000),Ravens  (0000000)
Derek Carr (0000000),Jay Ajayi (0000000),LeSean McCoy (0000000),Amari Cooper (0000000),Mike Evans (0000000),Cameron Meredith (0000000),Jason Witten (0000000),Jerick McKinnon (0000000),Chargers  (0000000)
