"Rank","EntryId","EntryName","TimeRemaining","Points","Lineup","X","Player","X.Drafted","FPTS"
1,786783609,"BigPasta (3/6)",0,129.45,"P Adam Wainwright P Jon Lester OF Hunter Pence 3B Eduardo Núñez C Nick Hundley OF Matt Szczur OF José Pirela 1B Wil Myers 2B Carlos Asuaje SS Paul DeJong",NA,"Jon Lester","59.62%",35.6
2,786633040,"BossB954",0,128.1,"P Jon Lester OF Hunter Pence 3B Eduardo Núñez C Nick Hundley OF José Pirela OF Randal Grichuk 1B Wil Myers P Luis Perdomo SS Javier Báez 2B Paul DeJong",NA,"Matt Moore","58.67%",15.3
3,786783721,"BigPasta (6/6)",0,123.45,"P Adam Wainwright P Jon Lester OF Hunter Pence 3B Eduardo Núñez C Nick Hundley 1B Brandon Belt OF Matt Szczur OF José Pirela 2B Joe Panik SS Paul DeJong",NA,"Luis Perdomo","51.62%",13.5
4,786700072,"HoChiMinhCity",0,123.1,"P Jon Lester 2B Ben Zobrist OF Jason Heyward OF Matt Szczur OF Jabari Blash 1B Wil Myers 3B Kris Bryant P Luis Perdomo C Luis Torrens SS Paul DeJong",NA,"Willson Contreras","50.86%",2
5,786674812,"crowdixon",0,122.9,"P Jon Lester OF Ben Zobrist C Nick Hundley OF Gorkys Hernández OF Matt Szczur 1B Anthony Rizzo P Matt Moore 2B Joe Panik 3B Cory Spangenberg SS Paul DeJong",NA,"Brandon Belt","45.90%",3
6,786792093,"KtownD (4/9)",0,122.45,"P Adam Wainwright P Jon Lester C Nick Hundley OF Gorkys Hernández OF Matt Szczur OF José Pirela 1B Wil Myers 3B Cory Spangenberg 2B Carlos Asuaje SS Paul DeJong",NA,"Addison Russell","45.90%",0
7,786791500,"KtownD (2/9)",0,120.45,"P Adam Wainwright P Jon Lester C Nick Hundley OF Brandon Belt OF Gorkys Hernández OF Matt Szczur 1B Wil Myers 3B Cory Spangenberg 2B Carlos Asuaje SS Paul DeJong",NA,"Tommy Pham","43.24%",0
8,786547399,"Awesemo (11/15)",0,119.9,"C Yadier Molina P Jon Lester OF Brandon Belt OF Gorkys Hernández OF Matt Szczur P Matt Moore 1B Wil Myers 3B Kris Bryant 2B Joe Panik SS Paul DeJong",NA,"Ben Zobrist","38.10%",9
9,786547394,"Awesemo (6/15)",0,118.9,"P Jon Lester OF Hunter Pence OF Eduardo Núñez C Nick Hundley OF Matt Szczur 1B Anthony Rizzo P Matt Moore 3B Kris Bryant 2B Joe Panik SS Allen Cordoba",NA,"Anthony Rizzo","36.38%",7
10,786665906,"fantasyisreal23",0,118.45,"P Adam Wainwright P Jon Lester OF Eduardo Núñez C Nick Hundley OF Brandon Belt OF Gorkys Hernández 1B Wil Myers 2B Joe Panik 3B Cory Spangenberg SS Allen Cordoba",NA,"Joe Panik","34.29%",5
10,786767146,"Duffy929",0,118.45,"P Adam Wainwright P Jon Lester 3B Eduardo Núñez C Nick Hundley OF Brandon Belt OF Gorkys Hernández 1B Wil Myers 2B Joe Panik OF Cory Spangenberg SS Allen Cordoba",NA,"Paul DeJong","32.19%",14
12,786547402,"Awesemo (14/15)",0,117.9,"P Jon Lester OF Eduardo Núñez OF Gorkys Hernández OF Matt Szczur 1B Anthony Rizzo P Matt Moore 3B Kris Bryant 2B Joe Panik SS Addison Russell C Luis Torrens",NA,"Kyle Schwarber","32.00%",0
13,786801638,"KtownD (8/9)",0,117.45,"P Adam Wainwright P Jon Lester C Nick Hundley OF Gorkys Hernández OF Matt Szczur OF Jabari Blash 1B Wil Myers 3B Cory Spangenberg 2B Carlos Asuaje SS Paul DeJong",NA,"Allen Cordoba","30.29%",2
14,786636126,"fewfew (10/15)",0,117.1,"P Jon Lester 2B Ben Zobrist C Nick Hundley OF Matt Szczur OF José Pirela 1B Wil Myers 3B Kris Bryant P Luis Perdomo OF Cory Spangenberg SS Allen Cordoba",NA,"Adam Wainwright","29.71%",16.85
15,786783505,"teepanther",0,116.9,"P Jon Lester OF Hunter Pence 3B Eduardo Núñez C Nick Hundley OF Jon Jay OF Brandon Belt 1B Anthony Rizzo P Matt Moore 2B Joe Panik SS Paul DeJong",NA,"José Pirela","29.71%",5
16,786639835,"Olliebun22",0,116.45,"P Adam Wainwright P Jon Lester OF Eduardo Núñez OF Gorkys Hernández 1B Wil Myers 3B Jedd Gyorko 2B Joe Panik OF Cory Spangenberg SS Allen Cordoba C Luis Torrens",NA,"Eduardo Núñez","29.52%",17
16,786716456,"MTD34 (2/3)",0,116.45,"P Adam Wainwright P Jon Lester OF Eduardo Núñez C Nick Hundley OF Brandon Belt OF Matt Szczur 1B Wil Myers 3B Cory Spangenberg 2B Carlos Asuaje SS Allen Cordoba",NA,"Wil Myers","28.76%",14
16,786790922,"Crookedcops",0,116.45,"P Adam Wainwright P Jon Lester OF Hunter Pence OF Gorkys Hernández OF Randal Grichuk 1B Wil Myers 2B Joe Panik 3B Cory Spangenberg SS Addison Russell C Luis Torrens",NA,"Cory Spangenberg","27.62%",8
19,786590952,"mrgoodseats (15/15)",0,115.9,"P Jon Lester OF Eduardo Núñez OF Brandon Belt OF Matt Szczur P Matt Moore 1B Wil Myers C Willson Contreras 3B Kris Bryant 2B Joe Panik SS Allen Cordoba",NA,"Carlos Asuaje","26.86%",0
19,786793904,"KtownD (6/9)",0,115.9,"P Jon Lester 2B Ben Zobrist 3B Eduardo Núñez C Nick Hundley OF Brandon Belt OF Gorkys Hernández OF Matt Szczur 1B Anthony Rizzo P Matt Moore SS Addison Russell",NA,"Jedd Gyorko","25.90%",2
21,786644400,"zsavior (3/15)",0,115.45,"P Adam Wainwright P Jon Lester 3B Eduardo Núñez C Nick Hundley OF Brandon Belt OF Gorkys Hernández OF José Pirela 1B Wil Myers 2B Joe Panik SS Allen Cordoba",NA,"Kris Bryant","25.14%",10
21,786712067,"EliteMafia",0,115.45,"P Adam Wainwright P Jon Lester 3B Eduardo Núñez C Nick Hundley OF Matt Szczur OF Jabari Blash OF José Pirela 1B Wil Myers 2B Joe Panik SS Allen Cordoba",NA,"Jabari Blash","23.81%",0
23,786711910,"wintolose",0,115.1,"P Jon Lester 2B Ben Zobrist OF Gorkys Hernández OF Matt Szczur 1B Wil Myers C Willson Contreras 3B Kris Bryant P Luis Perdomo OF Cory Spangenberg SS Allen Cordoba",NA,"Dexter Fowler","23.24%",2
24,786590951,"mrgoodseats (14/15)",0,114.9,"P Jon Lester OF Eduardo Núñez C Nick Hundley OF Brandon Belt P Matt Moore OF José Pirela 1B Wil Myers 3B Kris Bryant 2B Joe Panik SS Allen Cordoba",NA,"Yadier Molina","21.90%",2
25,786632194,"kencamnat (1/2)",0,113.9,"P Jon Lester OF Ben Zobrist OF Eduardo Núñez C Nick Hundley OF Brandon Belt 1B Anthony Rizzo P Matt Moore 3B Conor Gillaspie 2B Joe Panik SS Paul DeJong",NA,"Gorkys Hernández","17.90%",9
26,786653790,"emd710n (1/12)",0,113.45,"P Adam Wainwright P Jon Lester OF Eduardo Núñez OF Brandon Belt OF José Pirela 1B Wil Myers 2B Joe Panik 3B Cory Spangenberg SS Allen Cordoba C Luis Torrens",NA,"Conor Gillaspie","15.81%",0
26,786791843,"KtownD (3/9)",0,113.45,"P Adam Wainwright P Jon Lester C Nick Hundley OF Brandon Belt OF Matt Szczur 1B Wil Myers 3B Cory Spangenberg 2B Carlos Asuaje OF Allen Cordoba SS Paul DeJong",NA,"Nick Hundley","14.86%",8
28,786547389,"Awesemo (1/15)",0,112.9,"P Jon Lester OF Ben Zobrist 3B Eduardo Núñez C Nick Hundley 1B Anthony Rizzo P Matt Moore OF Jabari Blash OF Randal Grichuk 2B Joe Panik SS Allen Cordoba",NA,"Matt Szczur","14.48%",12
28,786590941,"mrgoodseats (4/15)",0,112.9,"P Jon Lester OF Eduardo Núñez OF Brandon Belt OF Gorkys Hernández P Matt Moore 1B Wil Myers C Willson Contreras 3B Kris Bryant 2B Joe Panik SS Allen Cordoba",NA,"Hunter Pence","14.29%",7
28,786730985,"jeffylube (1/6)",0,112.9,"P Jon Lester OF Eduardo Núñez OF Brandon Belt OF Gorkys Hernández P Matt Moore 1B Wil Myers C Willson Contreras 3B Kris Bryant 2B Joe Panik SS Allen Cordoba",NA,"Luis Torrens","11.05%",7
28,786772401,"moklovin (3/3)",0,112.9,"P Jon Lester OF Eduardo Núñez OF Brandon Belt OF Gorkys Hernández P Matt Moore 1B Wil Myers C Willson Contreras 3B Kris Bryant 2B Joe Panik SS Allen Cordoba",NA,"Matt Carpenter","10.86%",0
32,786614442,"blakebenson12 (1/3)",0,112.45,"P Adam Wainwright C Yadier Molina P Jon Lester 3B Eduardo Núñez OF Matt Szczur OF Jabari Blash 1B Wil Myers 2B Joe Panik OF Cory Spangenberg SS Allen Cordoba",NA,"Randal Grichuk","10.48%",14
33,786642011,"Bullschmid (2/2)",0,112.1,"P Jon Lester 2B Ben Zobrist OF Eduardo Núñez C Nick Hundley OF Jon Jay OF Tommy Pham 1B Wil Myers P Luis Perdomo 3B Cory Spangenberg SS Allen Cordoba",NA,"Jason Heyward","10.10%",8
34,786676590,"phillylaw23",0,110.9,"P Jon Lester OF Ben Zobrist OF Eduardo Núñez 1B Brandon Belt OF Matt Szczur P Matt Moore C Willson Contreras 3B Kris Bryant 2B Joe Panik SS Allen Cordoba",NA,"Jon Jay","8.76%",5
35,786665573,"KDG16",0,110.45,"P Adam Wainwright P Jon Lester OF Hunter Pence 3B Eduardo Núñez C Nick Hundley OF Jabari Blash OF José Pirela 1B Wil Myers 2B Joe Panik SS Allen Cordoba",NA,"Luke Voit","6.29%",0
36,786590950,"mrgoodseats (13/15)",0,109.9,"P Jon Lester OF Eduardo Núñez C Nick Hundley OF Brandon Belt P Matt Moore OF José Pirela 1B Wil Myers 3B Kris Bryant 2B Carlos Asuaje SS Allen Cordoba",NA,"Orlando Calixte","5.52%",7
36,786660710,"tj2312",0,109.9,"P Jon Lester 2B Ben Zobrist OF Eduardo Núñez C Nick Hundley OF Jon Jay 1B Brandon Belt P Matt Moore 3B Kris Bryant SS Addison Russell OF Orlando Calixte",NA,"Brandon Crawford","2.48%",5
36,786802533,"moconnell40",0,109.9,"P Jon Lester OF Ben Zobrist 3B Eduardo Núñez 1B Brandon Belt OF Gorkys Hernández P Matt Moore C Willson Contreras 2B Joe Panik OF Kyle Schwarber SS Paul DeJong",NA,"Buster Posey","1.14%",0
39,786644083,"alexanderbricks",0,109.45,"P Adam Wainwright P Jon Lester OF Hunter Pence 3B Eduardo Núñez OF Tommy Pham OF Matt Szczur 1B Anthony Rizzo 2B Joe Panik SS Allen Cordoba C Luis Torrens",NA,"Franchy Cordero","0.76%",0
40,786634715,"GrenadierDFS",0,108.9,"P Jon Lester 2B Ben Zobrist OF Gorkys Hernández OF Matt Szczur 1B Anthony Rizzo P Matt Moore C Willson Contreras 3B Kris Bryant SS Allen Cordoba OF Orlando Calixte",NA,"Javier Báez","0.76%",0
40,786649202,"Abboabbo (1/2)",0,108.9,"P Jon Lester 2B Ben Zobrist OF Gorkys Hernández OF Matt Szczur 1B Anthony Rizzo P Matt Moore C Willson Contreras 3B Kris Bryant SS Allen Cordoba OF Orlando Calixte",NA,"Erick Aybar","0.19%",0
42,786685591,"jsantopadre (2/2)",0,108.45,"P Adam Wainwright P Jon Lester OF Hunter Pence 3B Eduardo Núñez C Nick Hundley OF Brandon Belt OF José Pirela 1B Wil Myers 2B Carlos Asuaje SS Allen Cordoba",NA,"Mac Williamson","0.19%",0
42,786757679,"NATURALST",0,108.45,"P Adam Wainwright P Jon Lester 3B Eduardo Núñez OF Brandon Belt OF Jabari Blash 1B Wil Myers 2B Joe Panik OF Cory Spangenberg SS Allen Cordoba C Luis Torrens",NA,"Magneuris Sierra","0.19%",0
44,786636130,"fewfew (14/15)",0,108.1,"P Jon Lester OF Ben Zobrist OF Matt Szczur OF Jabari Blash 1B Wil Myers C Willson Contreras P Luis Perdomo 3B Cory Spangenberg 2B Carlos Asuaje SS Paul DeJong",NA,"Héctor Sánchez","0.19%",0
45,786547390,"Awesemo (2/15)",0,107.9,"P Jon Lester OF Ben Zobrist 3B Eduardo Núñez OF Brandon Belt OF Matt Szczur 1B Anthony Rizzo P Matt Moore C Willson Contreras 2B Joe Panik SS Allen Cordoba",NA,"Hunter Renfroe","0.19%",0
45,786590942,"mrgoodseats (5/15)",0,107.9,"P Jon Lester OF Eduardo Núñez OF Brandon Belt OF Gorkys Hernández P Matt Moore 1B Wil Myers C Willson Contreras 3B Kris Bryant 2B Carlos Asuaje SS Allen Cordoba",NA,"Ian Happ","0.19%",0
45,786706290,"getchia (11/15)",0,107.9,"P Jon Lester OF Eduardo Núñez C Nick Hundley OF Jon Jay 1B Brandon Belt OF Gorkys Hernández P Matt Moore 3B Kris Bryant 2B Joe Panik SS Addison Russell",NA,"Denard Span","0.19%",0
45,786819235,"Flyby7",0,107.9,"P Jon Lester 2B Ben Zobrist 3B Eduardo Núñez C Nick Hundley OF Gorkys Hernández 1B Anthony Rizzo P Matt Moore SS Addison Russell OF Kyle Schwarber OF Orlando Calixte",NA,"","",NA
49,786625830,"robertkgbko",0,107.45,"P Adam Wainwright P Jon Lester OF Eduardo Núñez 1B Brandon Belt OF Gorkys Hernández 3B Conor Gillaspie OF José Pirela C Willson Contreras 2B Joe Panik SS Paul DeJong",NA,"","",NA
50,786547392,"Awesemo (4/15)",0,105.9,"C Yadier Molina P Jon Lester OF Ben Zobrist 3B Eduardo Núñez 1B Brandon Belt P Matt Moore OF Jabari Blash OF José Pirela 2B Joe Panik SS Paul DeJong",NA,"","",NA
50,786686305,"zysek",0,105.9,"P Jon Lester 3B Eduardo Núñez OF Brandon Belt OF Gorkys Hernández OF Matt Szczur 1B Anthony Rizzo P Matt Moore C Willson Contreras 2B Joe Panik SS Addison Russell",NA,"","",NA
52,786653795,"emd710n (6/12)",0,105.45,"P Adam Wainwright P Jon Lester OF Hunter Pence 3B Eduardo Núñez 1B Brandon Belt OF José Pirela 2B Joe Panik SS Allen Cordoba C Luis Torrens OF Orlando Calixte",NA,"","",NA
53,786547395,"Awesemo (7/15)",0,104.9,"P Jon Lester OF Ben Zobrist OF Dexter Fowler 3B Eduardo Núñez P Matt Moore 1B Wil Myers 2B Joe Panik SS Addison Russell OF Kyle Schwarber C Luis Torrens",NA,"","",NA
53,786760704,"skimbad",0,104.9,"P Jon Lester OF Hunter Pence OF Gorkys Hernández OF Matt Szczur 1B Anthony Rizzo P Matt Moore C Willson Contreras 3B Kris Bryant 2B Joe Panik SS Allen Cordoba",NA,"","",NA
53,786798318,"mickety",0,104.9,"P Jon Lester OF Gorkys Hernández 1B Anthony Rizzo P Matt Moore 3B Kris Bryant SS Addison Russell OF Kyle Schwarber C Luis Torrens OF Orlando Calixte 2B Paul DeJong",NA,"","",NA
56,786722660,"Cassie8989",0,104.45,"P Adam Wainwright P Jon Lester 3B Eduardo Núñez C Nick Hundley 1B Brandon Belt OF Gorkys Hernández OF Jason Heyward OF José Pirela 2B Carlos Asuaje SS Allen Cordoba",NA,"","",NA
56,786772133,"FATEFELLSHORT",0,104.45,"P Adam Wainwright P Jon Lester 3B Eduardo Núñez OF Brandon Belt OF Gorkys Hernández OF Jabari Blash 1B Wil Myers C Willson Contreras 2B Joe Panik SS Allen Cordoba",NA,"","",NA
58,786666378,"LionKing1957",0,104.1,"P Jon Lester OF Matt Szczur OF José Pirela OF Randal Grichuk 1B Wil Myers C Willson Contreras P Luis Perdomo 3B Cory Spangenberg SS Addison Russell 2B Carlos Asuaje",NA,"","",NA
59,786590940,"mrgoodseats (3/15)",0,103.9,"C Yadier Molina P Jon Lester OF Eduardo Núñez OF Brandon Belt P Matt Moore OF José Pirela 1B Wil Myers 3B Kris Bryant 2B Carlos Asuaje SS Allen Cordoba",NA,"","",NA
59,786590943,"mrgoodseats (6/15)",0,103.9,"P Jon Lester OF Brandon Belt OF Matt Szczur P Matt Moore OF José Pirela 1B Wil Myers C Willson Contreras 3B Kris Bryant 2B Joe Panik SS Allen Cordoba",NA,"","",NA
59,786644402,"zsavior (5/15)",0,103.9,"P Jon Lester 2B Ben Zobrist OF Hunter Pence OF Eduardo Núñez C Nick Hundley OF Jon Jay 1B Anthony Rizzo P Matt Moore 3B Conor Gillaspie SS Addison Russell",NA,"","",NA
59,786715070,"munroeseth (1/4)",0,103.9,"C Yadier Molina P Jon Lester OF Hunter Pence 3B Eduardo Núñez OF Brandon Belt OF Matt Szczur 1B Anthony Rizzo P Matt Moore 2B Joe Panik SS Addison Russell",NA,"","",NA
59,786718679,"youdacao (8/15)",0,103.9,"P Jon Lester 2B Ben Zobrist 3B Eduardo Núñez OF Brandon Belt OF Jason Heyward 1B Anthony Rizzo P Matt Moore OF Kyle Schwarber SS Allen Cordoba C Luis Torrens",NA,"","",NA
59,786718685,"youdacao (14/15)",0,103.9,"P Jon Lester OF Gorkys Hernández OF Jason Heyward P Matt Moore 1B Wil Myers 3B Kris Bryant 2B Joe Panik SS Addison Russell OF Kyle Schwarber C Luis Torrens",NA,"","",NA
65,786782810,"curry_burrito",0,103.1,"P Jon Lester 2B Ben Zobrist OF Matt Szczur OF Jabari Blash OF José Pirela 1B Wil Myers C Willson Contreras 3B Kris Bryant P Luis Perdomo SS Allen Cordoba",NA,"","",NA
65,786811244,"xkmacx",0,103.1,"P Jon Lester 2B Ben Zobrist OF Jon Jay OF Matt Szczur OF Jabari Blash 1B Wil Myers C Willson Contreras 3B Kris Bryant P Luis Perdomo SS Allen Cordoba",NA,"","",NA
67,786794163,"KyWildcats1 (1/2)",0,102.9,"P Jon Lester 2B Ben Zobrist OF Hunter Pence 3B Eduardo Núñez 1B Brandon Belt OF Gorkys Hernández P Matt Moore OF José Pirela C Willson Contreras SS Addison Russell",NA,"","",NA
67,786811292,"JSmoke34",0,102.9,"C Yadier Molina P Jon Lester OF Hunter Pence 3B Eduardo Núñez OF Gorkys Hernández 1B Anthony Rizzo P Matt Moore OF José Pirela 2B Joe Panik SS Addison Russell",NA,"","",NA
69,786644403,"zsavior (6/15)",0,102.45,"P Adam Wainwright P Jon Lester OF Hunter Pence 3B Eduardo Núñez OF Brandon Belt OF Jabari Blash 1B Wil Myers 2B Carlos Asuaje SS Allen Cordoba C Luis Torrens",NA,"","",NA
69,786644406,"zsavior (9/15)",0,102.45,"P Adam Wainwright P Jon Lester OF Eduardo Núñez C Nick Hundley 1B Brandon Belt OF Matt Szczur 3B Conor Gillaspie OF Cory Spangenberg 2B Carlos Asuaje SS Allen Cordoba",NA,"","",NA
69,786796787,"steelpitt73",0,102.45,"P Adam Wainwright C Yadier Molina P Jon Lester 3B Eduardo Núñez 1B Brandon Belt OF Gorkys Hernández OF Jabari Blash OF José Pirela 2B Carlos Asuaje SS Paul DeJong",NA,"","",NA
69,786805723,"daveandmarsha",0,102.45,"P Adam Wainwright P Jon Lester OF Hunter Pence OF Brandon Belt OF Gorkys Hernández 1B Wil Myers 3B Cory Spangenberg 2B Carlos Asuaje SS Allen Cordoba C Luis Torrens",NA,"","",NA
73,786800784,"amandas56",0,102.1,"P Jon Lester 2B Ben Zobrist OF Jon Jay OF Brandon Belt OF Matt Szczur 1B Anthony Rizzo 3B Kris Bryant P Luis Perdomo SS Addison Russell C Luis Torrens",NA,"","",NA
74,786572354,"ThisIsJRock",0,101.9,"P Jon Lester 2B Ben Zobrist OF Eduardo Núñez OF Gorkys Hernández 1B Anthony Rizzo P Matt Moore 3B Conor Gillaspie C Willson Contreras SS Addison Russell OF Orlando Calixte",NA,"","",NA
74,786706286,"getchia (7/15)",0,101.9,"P Jon Lester 2B Ben Zobrist OF Eduardo Núñez OF Gorkys Hernández 1B Anthony Rizzo P Matt Moore 3B Conor Gillaspie C Willson Contreras SS Addison Russell OF Orlando Calixte",NA,"","",NA
74,786736487,"goblue4ever",0,101.9,"P Jon Lester OF Hunter Pence 3B Eduardo Núñez 1B Brandon Belt OF Gorkys Hernández P Matt Moore C Willson Contreras 2B Joe Panik OF Cory Spangenberg SS Addison Russell",NA,"","",NA
74,786766573,"fubar1127 (2/2)",0,101.9,"C Yadier Molina P Jon Lester OF Hunter Pence 3B Eduardo Núñez OF Brandon Belt 1B Anthony Rizzo P Matt Moore SS Brandon Crawford OF José Pirela 2B Joe Panik",NA,"","",NA
78,786659281,"angelboy",0,101.45,"P Adam Wainwright P Jon Lester OF Hunter Pence 3B Eduardo Núñez 1B Brandon Belt OF José Pirela OF Cory Spangenberg 2B Carlos Asuaje SS Allen Cordoba C Luis Torrens",NA,"","",NA
78,786768239,"TheHurrikaine",0,101.45,"P Adam Wainwright P Jon Lester C Nick Hundley 1B Brandon Belt OF Gorkys Hernández OF Jabari Blash OF José Pirela 3B Cory Spangenberg SS Allen Cordoba 2B Paul DeJong",NA,"","",NA
78,786800702,"KtownD (7/9)",0,101.45,"P Adam Wainwright P Jon Lester 3B Eduardo Núñez C Nick Hundley OF Brandon Belt OF Jabari Blash OF José Pirela 1B Wil Myers 2B Carlos Asuaje SS Allen Cordoba",NA,"","",NA
81,786706859,"chip911",0,101.15,"P Adam Wainwright 2B Ben Zobrist C Nick Hundley OF Tommy Pham P Matt Moore OF Randal Grichuk 1B Wil Myers 3B Jedd Gyorko OF Cory Spangenberg SS Paul DeJong",NA,"","",NA
82,786717876,"dbeatty5",0,101.1,"C Yadier Molina P Jon Lester OF Jon Jay OF Matt Szczur 1B Anthony Rizzo OF Jabari Blash 3B Kris Bryant P Luis Perdomo SS Allen Cordoba 2B Paul DeJong",NA,"","",NA
82,786777120,"Wolverine4",0,101.1,"P Jon Lester 2B Ben Zobrist OF Tommy Pham OF Matt Szczur 1B Anthony Rizzo OF José Pirela 3B Kris Bryant P Luis Perdomo SS Allen Cordoba C Luis Torrens",NA,"","",NA
84,786547400,"Awesemo (12/15)",0,100.9,"P Jon Lester OF Ben Zobrist OF Hunter Pence 3B Eduardo Núñez 1B Brandon Belt OF Matt Szczur P Matt Moore C Willson Contreras SS Addison Russell 2B Carlos Asuaje",NA,"","",NA
84,786547401,"Awesemo (13/15)",0,100.9,"P Jon Lester OF Ben Zobrist OF Eduardo Núñez 1B Brandon Belt P Matt Moore C Willson Contreras 3B Kris Bryant 2B Carlos Asuaje SS Allen Cordoba OF Orlando Calixte",NA,"","",NA
84,786678185,"wfr57",0,100.9,"P Jon Lester OF Dexter Fowler 3B Eduardo Núñez OF Brandon Belt P Matt Moore OF José Pirela 1B Wil Myers C Willson Contreras 2B Joe Panik SS Allen Cordoba",NA,"","",NA
84,786813428,"deadheads13",0,100.9,"P Jon Lester OF Eduardo Núñez C Nick Hundley OF Tommy Pham OF Matt Szczur P Matt Moore 1B Luke Voit 2B Joe Panik 3B Cory Spangenberg SS Addison Russell",NA,"","",NA
84,786590939,"mrgoodseats (2/15)",0,100.9,"P Jon Lester OF Brandon Belt OF Gorkys Hernández P Matt Moore OF José Pirela 1B Wil Myers C Willson Contreras 3B Kris Bryant 2B Joe Panik SS Allen Cordoba",NA,"","",NA
84,786590949,"mrgoodseats (12/15)",0,100.9,"P Jon Lester OF Ben Zobrist OF Brandon Belt OF Tommy Pham P Matt Moore 1B Wil Myers 3B Kris Bryant 2B Joe Panik SS Allen Cordoba C Luis Torrens",NA,"","",NA
84,786813485,"totalnit",0,100.9,"P Jon Lester OF Brandon Belt OF Gorkys Hernández P Matt Moore OF José Pirela 1B Wil Myers C Willson Contreras 3B Kris Bryant 2B Joe Panik SS Allen Cordoba",NA,"","",NA
91,786692360,"BattleTurtle",0,100.45,"P Adam Wainwright P Jon Lester OF Eduardo Núñez OF Brandon Belt 3B Conor Gillaspie OF José Pirela 1B Wil Myers C Willson Contreras 2B Joe Panik SS Allen Cordoba",NA,"","",NA
91,786783664,"BigPasta (5/6)",0,100.45,"P Adam Wainwright P Jon Lester OF Ben Zobrist OF Hunter Pence C Nick Hundley 3B Conor Gillaspie 1B Wil Myers OF Cory Spangenberg 2B Carlos Asuaje SS Allen Cordoba",NA,"","",NA
93,786629063,"williusa1",0,100.1,"P Jon Lester 2B Ben Zobrist OF Dexter Fowler OF Eduardo Núñez C Nick Hundley OF José Pirela 1B Matt Carpenter P Luis Perdomo 3B Cory Spangenberg SS Allen Cordoba",NA,"","",NA
93,786636125,"fewfew (9/15)",0,100.1,"P Jon Lester OF Tommy Pham OF Matt Szczur 1B Wil Myers 3B Kris Bryant P Luis Perdomo OF Cory Spangenberg SS Addison Russell 2B Carlos Asuaje C Luis Torrens",NA,"","",NA
93,786636131,"fewfew (15/15)",0,100.1,"P Jon Lester OF Ben Zobrist OF Brandon Belt OF Jason Heyward 1B Wil Myers P Luis Perdomo 3B Cory Spangenberg 2B Carlos Asuaje SS Allen Cordoba C Luis Torrens",NA,"","",NA
93,786718684,"youdacao (13/15)",0,100.1,"P Jon Lester 2B Ben Zobrist OF Eduardo Núñez OF Jabari Blash OF José Pirela 1B Wil Myers C Willson Contreras 3B Jedd Gyorko P Luis Perdomo SS Allen Cordoba",NA,"","",NA
93,786786706,"elg26",0,100.1,"P Jon Lester OF Brandon Belt OF Matt Szczur 1B Wil Myers C Willson Contreras 3B Kris Bryant P Luis Perdomo OF Cory Spangenberg 2B Carlos Asuaje SS Allen Cordoba",NA,"","",NA
98,786706285,"getchia (6/15)",0,99.9,"P Jon Lester OF Ben Zobrist C Nick Hundley OF Jon Jay 1B Brandon Belt OF Gorkys Hernández P Matt Moore 3B Kris Bryant 2B Joe Panik SS Addison Russell",NA,"","",NA
98,786769142,"mike1kw",0,99.9,"P Jon Lester 3B Eduardo Núñez OF Jon Jay OF Jason Heyward 1B Anthony Rizzo P Matt Moore OF Jabari Blash 2B Joe Panik SS Addison Russell C Luis Torrens",NA,"","",NA
100,786729126,"fpcp2005",0,99.45,"P Adam Wainwright P Jon Lester OF Hunter Pence 3B Eduardo Núñez C Nick Hundley 1B Brandon Belt OF Jabari Blash OF José Pirela 2B Joe Panik SS Allen Cordoba",NA,"","",NA
100,786763259,"numbyboystove",0,99.45,"P Adam Wainwright P Jon Lester OF Eduardo Núñez C Nick Hundley 1B Brandon Belt OF Gorkys Hernández 3B Cory Spangenberg SS Addison Russell 2B Carlos Asuaje OF Allen Cordoba",NA,"","",NA
100,786810254,"jdedik",0,99.45,"P Adam Wainwright P Jon Lester OF Dexter Fowler C Nick Hundley 1B Brandon Belt OF Matt Szczur 3B Conor Gillaspie OF Cory Spangenberg 2B Carlos Asuaje SS Paul DeJong",NA,"","",NA
103,786564685,"clutchpfc",0,99.1,"P Jon Lester OF Eduardo Núñez OF Jabari Blash OF José Pirela 1B Wil Myers C Willson Contreras 3B Kris Bryant P Luis Perdomo 2B Carlos Asuaje SS Allen Cordoba",NA,"","",NA
103,786613947,"willadams",0,99.1,"P Jon Lester OF Hunter Pence OF Jabari Blash OF José Pirela 1B Wil Myers C Willson Contreras P Luis Perdomo 3B Cory Spangenberg 2B Carlos Asuaje SS Paul DeJong",NA,"","",NA
105,786802939,"cuzimoutheregrindin (1/2)",0,98.9,"P Jon Lester OF Hunter Pence 3B Eduardo Núñez OF Brandon Belt P Matt Moore 1B Luke Voit C Willson Contreras 2B Joe Panik OF Kyle Schwarber SS Paul DeJong",NA,"","",NA
106,786644411,"zsavior (14/15)",0,98.45,"P Adam Wainwright P Jon Lester 1B Brandon Belt OF Gorkys Hernández OF Matt Szczur OF Jabari Blash 2B Joe Panik 3B Cory Spangenberg SS Allen Cordoba C Luis Torrens",NA,"","",NA
106,786799229,"Moonlight82",0,98.45,"P Adam Wainwright P Jon Lester OF Hunter Pence OF Eduardo Núñez OF Brandon Belt 1B Anthony Rizzo 3B Conor Gillaspie 2B Joe Panik SS Addison Russell C Luis Torrens",NA,"","",NA
108,786705018,"Whipit3000 (3/5)",0,98.1,"P Jon Lester OF Jon Jay OF Jason Heyward OF Matt Szczur 1B Wil Myers C Willson Contreras P Luis Perdomo 3B Cory Spangenberg SS Addison Russell 2B Carlos Asuaje",NA,"","",NA
108,786718673,"youdacao (2/15)",0,98.1,"P Jon Lester 3B Eduardo Núñez OF Jason Heyward 1B Anthony Rizzo OF José Pirela 2B Joe Panik P Luis Perdomo SS Addison Russell OF Kyle Schwarber C Luis Torrens",NA,"","",NA
108,786771220,"Whipit3000 (4/5)",0,98.1,"P Jon Lester OF Jon Jay OF Jason Heyward OF Matt Szczur 1B Wil Myers C Willson Contreras P Luis Perdomo 3B Cory Spangenberg SS Addison Russell 2B Carlos Asuaje",NA,"","",NA
108,786793275,"KtownD (5/9)",0,98.1,"P Jon Lester 2B Ben Zobrist OF Matt Szczur 1B Anthony Rizzo OF Jabari Blash C Willson Contreras 3B Kris Bryant P Luis Perdomo SS Allen Cordoba OF Orlando Calixte",NA,"","",NA
112,786547391,"Awesemo (3/15)",0,97.9,"P Jon Lester 3B Eduardo Núñez C Nick Hundley OF Brandon Belt 1B Anthony Rizzo P Matt Moore OF Jabari Blash 2B Joe Panik SS Addison Russell OF Orlando Calixte",NA,"","",NA
112,786637872,"tck8536",0,97.9,"P Jon Lester 3B Eduardo Núñez 1B Brandon Belt OF Gorkys Hernández P Matt Moore C Willson Contreras SS Addison Russell OF Kyle Schwarber OF Allen Cordoba 2B Paul DeJong",NA,"","",NA
112,786646895,"CECE06",0,97.9,"P Jon Lester OF Hunter Pence OF Dexter Fowler 3B Eduardo Núñez 1B Brandon Belt P Matt Moore OF Jabari Blash C Willson Contreras SS Allen Cordoba 2B Paul DeJong",NA,"","",NA
112,786646946,"HashTaint",0,97.9,"P Jon Lester 2B Ben Zobrist 3B Eduardo Núñez C Nick Hundley OF Brandon Belt OF Jason Heyward P Matt Moore 1B Luke Voit OF Kyle Schwarber SS Allen Cordoba",NA,"","",NA
112,786706291,"getchia (12/15)",0,97.9,"P Jon Lester 3B Eduardo Núñez C Nick Hundley OF Brandon Belt 1B Anthony Rizzo P Matt Moore 2B Joe Panik SS Addison Russell OF Kyle Schwarber OF Orlando Calixte",NA,"","",NA
112,786718109,"cp24",0,97.9,"P Jon Lester 3B Eduardo Núñez C Nick Hundley OF Brandon Belt 1B Anthony Rizzo P Matt Moore OF José Pirela 2B Joe Panik OF Kyle Schwarber SS Allen Cordoba",NA,"","",NA
112,786820140,"houmike",0,97.9,"P Jon Lester OF Hunter Pence C Nick Hundley 1B Brandon Belt OF Gorkys Hernández P Matt Moore OF José Pirela 3B Kris Bryant 2B Joe Panik SS Addison Russell",NA,"","",NA
119,786706292,"getchia (13/15)",0,96.9,"P Jon Lester C Nick Hundley OF Jon Jay 1B Brandon Belt OF Jason Heyward P Matt Moore 3B Kris Bryant 2B Joe Panik SS Addison Russell OF Orlando Calixte",NA,"","",NA
119,786724795,"munroeseth (4/4)",0,96.9,"C Yadier Molina P Jon Lester 3B Eduardo Núñez OF Brandon Belt OF Matt Szczur 1B Anthony Rizzo P Matt Moore OF Jabari Blash 2B Joe Panik SS Addison Russell",NA,"","",NA
119,786726761,"Binya313 (1/2)",0,96.9,"P Jon Lester 2B Ben Zobrist OF Hunter Pence OF Gorkys Hernández OF Matt Szczur 1B Anthony Rizzo P Matt Moore 3B Conor Gillaspie C Willson Contreras SS Addison Russell",NA,"","",NA
119,786792798,"swint (1/2)",0,96.9,"P Jon Lester 2B Ben Zobrist C Nick Hundley 1B Brandon Belt OF Gorkys Hernández P Matt Moore 3B Kris Bryant SS Addison Russell OF Kyle Schwarber OF Orlando Calixte",NA,"","",NA
119,786590945,"mrgoodseats (8/15)",0,96.89999,"P Jon Lester OF Brandon Belt OF Tommy Pham P Matt Moore OF José Pirela 1B Wil Myers 3B Kris Bryant 2B Joe Panik SS Allen Cordoba C Luis Torrens",NA,"","",NA
124,786644407,"zsavior (10/15)",0,96.45,"P Adam Wainwright P Jon Lester OF Hunter Pence C Nick Hundley OF Jabari Blash 3B Conor Gillaspie 1B Wil Myers 2B Joe Panik OF Cory Spangenberg SS Allen Cordoba",NA,"","",NA
124,786791059,"EnzCusano",0,96.45,"P Adam Wainwright P Jon Lester OF Gorkys Hernández OF Jabari Blash 3B Conor Gillaspie OF José Pirela 1B Wil Myers C Willson Contreras 2B Carlos Asuaje SS Paul DeJong",NA,"","",NA
126,786710735,"rucrew",0,96.1,"P Jon Lester OF Ben Zobrist OF Gorkys Hernández 1B Anthony Rizzo OF José Pirela 3B Kris Bryant P Luis Perdomo SS Addison Russell 2B Carlos Asuaje C Luis Torrens",NA,"","",NA
126,786806254,"cuzimoutheregrindin (2/2)",0,96.1,"C Yadier Molina P Jon Lester OF Dexter Fowler OF Gorkys Hernández 1B Wil Myers 3B Kris Bryant P Luis Perdomo OF Cory Spangenberg 2B Carlos Asuaje SS Allen Cordoba",NA,"","",NA
128,786644401,"zsavior (4/15)",0,95.9,"P Jon Lester 2B Ben Zobrist OF Hunter Pence 3B Eduardo Núñez 1B Brandon Belt P Matt Moore C Willson Contreras SS Addison Russell OF Kyle Schwarber OF Orlando Calixte",NA,"","",NA
128,786739244,"bhicks32 (4/5)",0,95.9,"P Jon Lester OF Ben Zobrist OF Hunter Pence 3B Eduardo Núñez OF Jon Jay P Matt Moore 1B Luke Voit C Willson Contreras 2B Joe Panik SS Addison Russell",NA,"","",NA
128,786771482,"Jwest27",0,95.9,"P Jon Lester OF Brandon Belt OF Gorkys Hernández 1B Anthony Rizzo P Matt Moore C Willson Contreras 3B Kris Bryant 2B Joe Panik SS Allen Cordoba OF Orlando Calixte",NA,"","",NA
128,786783625,"BigPasta (4/6)",0,95.9,"P Jon Lester OF Ben Zobrist OF Hunter Pence 3B Eduardo Núñez OF Jon Jay P Matt Moore 1B Luke Voit C Willson Contreras 2B Joe Panik SS Addison Russell",NA,"","",NA
128,786590938,"mrgoodseats (1/15)",0,95.89999,"P Jon Lester OF Brandon Belt OF Gorkys Hernández P Matt Moore OF José Pirela 1B Wil Myers C Willson Contreras 3B Kris Bryant 2B Carlos Asuaje SS Allen Cordoba",NA,"","",NA
128,786590948,"mrgoodseats (11/15)",0,95.89999,"P Jon Lester OF Ben Zobrist OF Brandon Belt OF Tommy Pham P Matt Moore 1B Wil Myers 3B Kris Bryant 2B Carlos Asuaje SS Allen Cordoba C Luis Torrens",NA,"","",NA
128,786821820,"tj7775",0,95.89999,"P Jon Lester OF Ben Zobrist P Matt Moore OF José Pirela 1B Luke Voit 3B Kris Bryant 2B Carlos Asuaje OF Kyle Schwarber C Luis Torrens SS Paul DeJong",NA,"","",NA
135,786625985,"KtownD (1/9)",0,95.45,"P Adam Wainwright P Jon Lester OF Eduardo Núñez C Nick Hundley OF Brandon Belt OF José Pirela 1B Luke Voit 3B Cory Spangenberg 2B Carlos Asuaje SS Allen Cordoba",NA,"","",NA
135,786809658,"Nickbeam52",0,95.45,"P Adam Wainwright C Yadier Molina P Jon Lester OF Brandon Belt OF Gorkys Hernández OF Jabari Blash 1B Wil Myers 2B Joe Panik 3B Cory Spangenberg SS Allen Cordoba",NA,"","",NA
135,786820604,"jmiller813",0,95.45,"P Adam Wainwright P Jon Lester 3B Eduardo Núñez C Nick Hundley 1B Brandon Belt OF Jabari Blash OF José Pirela OF Cory Spangenberg 2B Carlos Asuaje SS Allen Cordoba",NA,"","",NA
138,786677841,"Doyers69",0,95.1,"P Jon Lester 2B Ben Zobrist OF Jason Heyward OF Jabari Blash 1B Wil Myers P Luis Perdomo 3B Cory Spangenberg SS Addison Russell OF Kyle Schwarber C Luis Torrens",NA,"","",NA
139,786801939,"JesusToews",0,94.9,"P Jon Lester OF Hunter Pence 3B Eduardo Núñez OF Jon Jay 1B Brandon Belt P Matt Moore OF José Pirela C Willson Contreras 2B Joe Panik SS Addison Russell",NA,"","",NA
139,786547396,"Awesemo (8/15)",0,94.89999,"P Jon Lester C Nick Hundley OF Brandon Belt OF Tommy Pham P Matt Moore 3B Conor Gillaspie 1B Wil Myers 2B Joe Panik OF Kyle Schwarber SS Paul DeJong",NA,"","",NA
141,786695594,"Whipit3000 (2/5)",0,94.45,"P Adam Wainwright P Jon Lester 3B Eduardo Núñez 1B Brandon Belt OF Matt Szczur OF Jabari Blash C Buster Posey SS Brandon Crawford OF José Pirela 2B Carlos Asuaje",NA,"","",NA
141,786730230,"greeneagle89",0,94.45,"P Adam Wainwright P Jon Lester OF Dexter Fowler OF Eduardo Núñez 1B Brandon Belt 3B Conor Gillaspie 2B Joe Panik OF Cory Spangenberg SS Addison Russell C Luis Torrens",NA,"","",NA
141,786795647,"TroXx",0,94.45,"P Adam Wainwright P Jon Lester C Nick Hundley 1B Brandon Belt OF Gorkys Hernández 3B Conor Gillaspie OF Randal Grichuk OF Cory Spangenberg SS Addison Russell 2B Carlos Asuaje",NA,"","",NA
144,786644405,"zsavior (8/15)",0,94.1,"P Jon Lester OF Matt Szczur OF José Pirela 1B Wil Myers C Willson Contreras 3B Kris Bryant P Luis Perdomo 2B Carlos Asuaje OF Kyle Schwarber SS Allen Cordoba",NA,"","",NA
144,786644408,"zsavior (11/15)",0,94.1,"P Jon Lester OF Ben Zobrist OF Jabari Blash OF José Pirela 1B Wil Myers 3B Kris Bryant P Luis Perdomo SS Addison Russell 2B Carlos Asuaje C Luis Torrens",NA,"","",NA
144,786644412,"zsavior (15/15)",0,94.1,"P Jon Lester 2B Ben Zobrist OF Jon Jay OF Jabari Blash OF José Pirela 1B Wil Myers C Willson Contreras P Luis Perdomo 3B Cory Spangenberg SS Allen Cordoba",NA,"","",NA
144,786721447,"sullydon",0,94.1,"P Jon Lester OF Ben Zobrist OF José Pirela 1B Wil Myers 3B Kris Bryant P Luis Perdomo SS Addison Russell 2B Carlos Asuaje OF Kyle Schwarber C Luis Torrens",NA,"","",NA
144,786731463,"jeffylube (4/6)",0,94.1,"P Jon Lester 2B Ben Zobrist 3B Eduardo Núñez 1B Anthony Rizzo OF Jabari Blash OF José Pirela P Luis Perdomo SS Addison Russell OF Kyle Schwarber C Luis Torrens",NA,"","",NA
144,786736721,"GreenytheTerp",0,94.1,"C Yadier Molina P Jon Lester 2B Ben Zobrist OF Matt Szczur OF Jabari Blash 1B Wil Myers P Luis Perdomo 3B Cory Spangenberg SS Addison Russell OF Kyle Schwarber",NA,"","",NA
144,786746438,"brossbach18 (2/2)",0,94.1,"P Jon Lester OF Ben Zobrist OF José Pirela 1B Wil Myers 3B Kris Bryant P Luis Perdomo SS Addison Russell 2B Carlos Asuaje OF Kyle Schwarber C Luis Torrens",NA,"","",NA
144,786751457,"bric75 (2/3)",0,94.1,"P Jon Lester OF Matt Szczur OF José Pirela 1B Wil Myers C Willson Contreras 3B Kris Bryant P Luis Perdomo 2B Carlos Asuaje OF Kyle Schwarber SS Allen Cordoba",NA,"","",NA
144,786762077,"dustime",0,94.1,"P Jon Lester OF Ben Zobrist OF Matt Szczur OF Jabari Blash 1B Wil Myers C Willson Contreras P Luis Perdomo 3B Cory Spangenberg SS Addison Russell 2B Carlos Asuaje",NA,"","",NA
144,786784435,"DoctorRoBry (3/3)",0,94.1,"P Jon Lester OF Ben Zobrist OF José Pirela 1B Wil Myers 3B Kris Bryant P Luis Perdomo SS Addison Russell 2B Carlos Asuaje OF Kyle Schwarber C Luis Torrens",NA,"","",NA
144,786803712,"KyWildcats1 (2/2)",0,94.1,"P Jon Lester 2B Ben Zobrist OF Jon Jay 1B Anthony Rizzo OF José Pirela 3B Kris Bryant P Luis Perdomo OF Kyle Schwarber SS Allen Cordoba C Luis Torrens",NA,"","",NA
144,786820675,"lbero",0,94.1,"P Jon Lester 1B Anthony Rizzo OF Randal Grichuk C Willson Contreras 2B Joe Panik P Luis Perdomo 3B Cory Spangenberg OF Kyle Schwarber SS Allen Cordoba OF Orlando Calixte",NA,"","",NA
156,786547397,"Awesemo (9/15)",0,93.9,"P Jon Lester 3B Eduardo Núñez C Nick Hundley OF Brandon Belt P Matt Moore 1B Matt Carpenter 2B Joe Panik OF Cory Spangenberg OF Kyle Schwarber SS Allen Cordoba",NA,"","",NA
156,786622839,"bradyis (1/3)",0,93.9,"P Jon Lester OF Eduardo Núñez OF Brandon Belt OF Gorkys Hernández 1B Anthony Rizzo P Matt Moore 3B Conor Gillaspie C Willson Contreras 2B Joe Panik SS Addison Russell",NA,"","",NA
156,786623735,"moklovin (1/3)",0,93.9,"P Jon Lester OF Eduardo Núñez OF Brandon Belt OF Gorkys Hernández 1B Anthony Rizzo P Matt Moore 3B Conor Gillaspie C Willson Contreras 2B Joe Panik SS Addison Russell",NA,"","",NA
156,786644398,"zsavior (1/15)",0,93.9,"P Jon Lester OF Eduardo Núñez OF Brandon Belt OF Gorkys Hernández 1B Anthony Rizzo P Matt Moore 3B Conor Gillaspie C Willson Contreras 2B Joe Panik SS Addison Russell",NA,"","",NA
156,786700493,"patmc68",0,93.9,"P Jon Lester OF Ben Zobrist OF Brandon Belt OF Jason Heyward 1B Anthony Rizzo P Matt Moore 3B Jedd Gyorko 2B Joe Panik SS Allen Cordoba C Luis Torrens",NA,"","",NA
156,786706289,"getchia (10/15)",0,93.9,"P Jon Lester OF Hunter Pence 1B Brandon Belt OF Gorkys Hernández P Matt Moore C Willson Contreras 3B Kris Bryant 2B Joe Panik SS Addison Russell OF Orlando Calixte",NA,"","",NA
156,786751456,"bric75 (1/3)",0,93.9,"P Jon Lester OF Eduardo Núñez OF Brandon Belt OF Gorkys Hernández 1B Anthony Rizzo P Matt Moore 3B Conor Gillaspie C Willson Contreras 2B Joe Panik SS Addison Russell",NA,"","",NA
156,786761025,"maximumprofit",0,93.9,"P Jon Lester OF Hunter Pence 3B Eduardo Núñez 1B Brandon Belt OF Gorkys Hernández P Matt Moore C Willson Contreras 2B Joe Panik SS Addison Russell OF Kyle Schwarber",NA,"","",NA
156,786782539,"webdever",0,93.9,"P Jon Lester OF Eduardo Núñez OF Brandon Belt OF Gorkys Hernández 1B Anthony Rizzo P Matt Moore 3B Conor Gillaspie C Willson Contreras 2B Joe Panik SS Addison Russell",NA,"","",NA
156,786785618,"belowzir0",0,93.9,"P Jon Lester OF Eduardo Núñez OF Brandon Belt OF Gorkys Hernández 1B Anthony Rizzo P Matt Moore 3B Conor Gillaspie C Willson Contreras 2B Joe Panik SS Addison Russell",NA,"","",NA
156,786791564,"Deputydawg212",0,93.9,"P Jon Lester 2B Ben Zobrist OF Hunter Pence OF Eduardo Núñez 1B Brandon Belt P Matt Moore 3B Conor Gillaspie OF José Pirela C Willson Contreras SS Addison Russell",NA,"","",NA
156,786799803,"superm123",0,93.9,"P Jon Lester OF Eduardo Núñez OF Brandon Belt OF Gorkys Hernández 1B Anthony Rizzo P Matt Moore 3B Conor Gillaspie C Willson Contreras 2B Joe Panik SS Addison Russell",NA,"","",NA
168,786703272,"bradyis (2/3)",0,93.1,"P Jon Lester OF Jon Jay OF Jason Heyward 1B Wil Myers 3B Kris Bryant P Luis Perdomo SS Addison Russell 2B Carlos Asuaje OF Kyle Schwarber C Luis Torrens",NA,"","",NA
169,786644399,"zsavior (2/15)",0,92.9,"P Jon Lester OF Hunter Pence C Nick Hundley 1B Brandon Belt OF Gorkys Hernández P Matt Moore 3B Kris Bryant 2B Joe Panik SS Addison Russell OF Kyle Schwarber",NA,"","",NA
169,786717518,"Hawkeyes23",0,92.9,"P Jon Lester OF Ben Zobrist OF Eduardo Núñez OF Gorkys Hernández P Matt Moore 3B Conor Gillaspie 1B Matt Carpenter C Willson Contreras 2B Joe Panik SS Addison Russell",NA,"","",NA
169,786729613,"bhicks32 (2/5)",0,92.9,"C Yadier Molina P Jon Lester 2B Ben Zobrist OF Eduardo Núñez OF Brandon Belt OF Gorkys Hernández P Matt Moore 1B Luke Voit 3B Jedd Gyorko SS Addison Russell",NA,"","",NA
169,786751347,"stevesontag",0,92.9,"P Jon Lester 2B Ben Zobrist C Nick Hundley OF Jon Jay OF Gorkys Hernández 1B Anthony Rizzo P Matt Moore 3B Jedd Gyorko OF Kyle Schwarber SS Allen Cordoba",NA,"","",NA
169,786818924,"BBoschetti",0,92.9,"P Jon Lester OF Gorkys Hernández 1B Anthony Rizzo P Matt Moore 3B Conor Gillaspie OF José Pirela C Willson Contreras 2B Joe Panik OF Kyle Schwarber SS Paul DeJong",NA,"","",NA
169,786590944,"mrgoodseats (7/15)",0,92.89999,"P Jon Lester C Nick Hundley OF Brandon Belt P Matt Moore OF José Pirela 1B Wil Myers 3B Kris Bryant 2B Carlos Asuaje OF Kyle Schwarber SS Allen Cordoba",NA,"","",NA
175,786663956,"boda2122",0,92.1,"P Jon Lester 2B Ben Zobrist OF Jon Jay OF Jason Heyward 3B Conor Gillaspie OF José Pirela 1B Wil Myers C Willson Contreras P Luis Perdomo SS Addison Russell",NA,"","",NA
175,786727018,"gopack79",0,92.1,"P Jon Lester OF Brandon Belt OF Tommy Pham 1B Wil Myers C Willson Contreras 3B Kris Bryant 2B Joe Panik P Luis Perdomo SS Allen Cordoba OF Orlando Calixte",NA,"","",NA
175,786737652,"mikerozier",0,92.1,"P Jon Lester 3B Eduardo Núñez OF Matt Szczur 1B Anthony Rizzo OF Jabari Blash OF José Pirela C Willson Contreras P Luis Perdomo SS Addison Russell 2B Carlos Asuaje",NA,"","",NA
178,786626077,"kperkins017 (1/4)",0,91.9,"P Jon Lester 2B Ben Zobrist 3B Eduardo Núñez 1B Brandon Belt P Matt Moore SS Brandon Crawford OF José Pirela C Willson Contreras OF Franchy Cordero OF Kyle Schwarber",NA,"","",NA
178,786626079,"kperkins017 (2/4)",0,91.9,"P Jon Lester 2B Ben Zobrist 3B Eduardo Núñez 1B Brandon Belt P Matt Moore SS Brandon Crawford OF José Pirela C Willson Contreras OF Franchy Cordero OF Kyle Schwarber",NA,"","",NA
178,786626080,"kperkins017 (3/4)",0,91.9,"P Jon Lester 2B Ben Zobrist 3B Eduardo Núñez 1B Brandon Belt P Matt Moore SS Brandon Crawford OF José Pirela C Willson Contreras OF Franchy Cordero OF Kyle Schwarber",NA,"","",NA
178,786626081,"kperkins017 (4/4)",0,91.9,"P Jon Lester 2B Ben Zobrist 3B Eduardo Núñez 1B Brandon Belt P Matt Moore SS Brandon Crawford OF José Pirela C Willson Contreras OF Franchy Cordero OF Kyle Schwarber",NA,"","",NA
178,786656761,"bennyv77 (1/2)",0,91.9,"P Jon Lester OF Eduardo Núñez OF Brandon Belt P Matt Moore 3B Conor Gillaspie 1B Wil Myers C Willson Contreras 2B Joe Panik SS Addison Russell OF Kyle Schwarber",NA,"","",NA
178,786666177,"bennyv77 (2/2)",0,91.9,"P Jon Lester OF Eduardo Núñez OF Brandon Belt P Matt Moore 3B Conor Gillaspie 1B Wil Myers C Willson Contreras 2B Joe Panik SS Addison Russell OF Kyle Schwarber",NA,"","",NA
178,786679941,"fjbourne",0,91.9,"C Yadier Molina P Jon Lester 3B Eduardo Núñez OF Brandon Belt P Matt Moore OF Jabari Blash 1B Wil Myers 2B Joe Panik SS Addison Russell OF Kyle Schwarber",NA,"","",NA
178,786709454,"saskatud",0,91.9,"P Jon Lester 3B Eduardo Núñez 1B Brandon Belt OF Gorkys Hernández P Matt Moore OF José Pirela C Willson Contreras 2B Joe Panik SS Addison Russell OF Kyle Schwarber",NA,"","",NA
178,786778774,"23Jer (1/2)",0,91.9,"P Jon Lester OF Denard Span OF Hunter Pence 3B Eduardo Núñez 1B Brandon Belt OF Matt Szczur P Matt Moore C Willson Contreras SS Addison Russell 2B Carlos Asuaje",NA,"","",NA
178,786806385,"thatzmyne",0,91.9,"P Jon Lester C Nick Hundley OF Jon Jay OF Gorkys Hernández 1B Anthony Rizzo P Matt Moore 3B Kris Bryant 2B Carlos Asuaje OF Kyle Schwarber SS Allen Cordoba",NA,"","",NA
178,786590947,"mrgoodseats (10/15)",0,91.89999,"P Jon Lester OF Brandon Belt OF Tommy Pham P Matt Moore 1B Wil Myers 3B Kris Bryant 2B Joe Panik OF Kyle Schwarber SS Allen Cordoba C Luis Torrens",NA,"","",NA
189,786687026,"DonDudda",0,91.1,"P Jon Lester OF Ben Zobrist C Nick Hundley OF Brandon Belt OF Jabari Blash 1B Wil Myers P Luis Perdomo 3B Cory Spangenberg SS Addison Russell 2B Carlos Asuaje",NA,"","",NA
189,786725803,"wes19192",0,91.1,"P Jon Lester C Nick Hundley OF Brandon Belt OF Tommy Pham OF Randal Grichuk 1B Luke Voit 3B Kris Bryant 2B Joe Panik P Luis Perdomo SS Allen Cordoba",NA,"","",NA
189,786785294,"badgerdores",0,91.1,"P Jon Lester OF Ben Zobrist OF Jon Jay OF Jabari Blash 1B Wil Myers C Willson Contreras 3B Kris Bryant P Luis Perdomo 2B Carlos Asuaje SS Allen Cordoba",NA,"","",NA
192,786724179,"bestgames",0,90.9,"P Jon Lester OF Eduardo Núñez C Nick Hundley OF Brandon Belt 1B Anthony Rizzo P Matt Moore 3B Conor Gillaspie 2B Joe Panik SS Addison Russell OF Kyle Schwarber",NA,"","",NA
192,786808433,"wioux",0,90.9,"P Jon Lester OF Eduardo Núñez C Nick Hundley OF Brandon Belt 1B Anthony Rizzo P Matt Moore 3B Conor Gillaspie 2B Joe Panik SS Addison Russell OF Kyle Schwarber",NA,"","",NA
194,786514392,"milgcoat7",0,90.14999,"P Adam Wainwright C Yadier Molina 2B Ben Zobrist OF Tommy Pham OF Gorkys Hernández P Matt Moore OF Randal Grichuk 1B Matt Carpenter 3B Kris Bryant SS Paul DeJong",NA,"","",NA
195,786632968,"dswinney33",0,90.1,"P Jon Lester OF Matt Szczur OF José Pirela 1B Wil Myers C Willson Contreras P Luis Perdomo 3B Cory Spangenberg SS Addison Russell 2B Carlos Asuaje OF Kyle Schwarber",NA,"","",NA
195,786714061,"Kowpond (2/2)",0,90.1,"P Jon Lester OF Tommy Pham OF Jabari Blash OF José Pirela 1B Wil Myers 3B Kris Bryant 2B Joe Panik P Luis Perdomo SS Addison Russell C Luis Torrens",NA,"","",NA
195,786778306,"dukecity",0,90.1,"P Jon Lester OF Matt Szczur OF José Pirela 1B Wil Myers C Willson Contreras P Luis Perdomo 3B Cory Spangenberg SS Addison Russell 2B Carlos Asuaje OF Kyle Schwarber",NA,"","",NA
198,786641206,"thepin04",0,89.9,"P Jon Lester 2B Ben Zobrist OF Hunter Pence C Nick Hundley OF Jon Jay 1B Brandon Belt P Matt Moore OF José Pirela 3B Jedd Gyorko SS Addison Russell",NA,"","",NA
198,786648808,"Jgoodin2 (1/2)",0,89.9,"P Jon Lester OF Hunter Pence 3B Eduardo Núñez OF Jon Jay 1B Brandon Belt P Matt Moore C Willson Contreras 2B Joe Panik SS Addison Russell OF Kyle Schwarber",NA,"","",NA
198,786658301,"Jgoodin2 (2/2)",0,89.9,"P Jon Lester OF Hunter Pence 3B Eduardo Núñez OF Jon Jay 1B Brandon Belt P Matt Moore C Willson Contreras 2B Joe Panik SS Addison Russell OF Kyle Schwarber",NA,"","",NA
198,786694750,"getchia (2/15)",0,89.9,"P Jon Lester OF Hunter Pence 3B Eduardo Núñez OF Jon Jay 1B Brandon Belt P Matt Moore C Willson Contreras 2B Joe Panik SS Addison Russell OF Kyle Schwarber",NA,"","",NA
198,786709639,"dand6935 (1/3)",0,89.9,"P Jon Lester OF Hunter Pence 3B Eduardo Núñez 1B Brandon Belt P Matt Moore OF Jabari Blash OF José Pirela C Willson Contreras 2B Joe Panik SS Addison Russell",NA,"","",NA
203,786618723,"oceagles68 (2/3)",0,89.35,"P Adam Wainwright OF Tommy Pham OF Randal Grichuk 1B Wil Myers 3B Jedd Gyorko P Luis Perdomo OF Cory Spangenberg 2B Carlos Asuaje C Luis Torrens SS Paul DeJong",NA,"","",NA
204,786716166,"TrojanMan69 (1/2)",0,89.15,"P Adam Wainwright C Yadier Molina 2B Ben Zobrist 3B Eduardo Núñez OF Brandon Belt OF Tommy Pham 1B Anthony Rizzo P Matt Moore OF José Pirela SS Paul DeJong",NA,"","",NA
204,786716257,"TrojanMan69 (2/2)",0,89.15,"P Adam Wainwright C Yadier Molina 2B Ben Zobrist 3B Eduardo Núñez OF Brandon Belt OF Tommy Pham 1B Anthony Rizzo P Matt Moore OF José Pirela SS Paul DeJong",NA,"","",NA
206,786640722,"kencamnat (2/2)",0,89.1,"P Jon Lester OF Ben Zobrist 1B Anthony Rizzo OF José Pirela 3B Kris Bryant P Luis Perdomo 2B Carlos Asuaje OF Kyle Schwarber SS Allen Cordoba C Luis Torrens",NA,"","",NA
206,786655724,"Kowpond (1/2)",0,89.1,"P Jon Lester OF Hunter Pence OF Matt Szczur 1B Anthony Rizzo OF Jabari Blash C Willson Contreras 3B Kris Bryant P Luis Perdomo 2B Carlos Asuaje SS Allen Cordoba",NA,"","",NA
206,786725559,"Jdemshock1 (1/2)",0,89.1,"P Jon Lester OF Matt Szczur 1B Wil Myers C Willson Contreras 3B Kris Bryant P Luis Perdomo SS Addison Russell 2B Carlos Asuaje OF Kyle Schwarber OF Allen Cordoba",NA,"","",NA
206,786755946,"movethatdirt",0,89.1,"P Jon Lester 2B Ben Zobrist OF Jon Jay 1B Anthony Rizzo OF Jabari Blash 3B Kris Bryant P Luis Perdomo OF Kyle Schwarber SS Allen Cordoba C Luis Torrens",NA,"","",NA
206,786771966,"cromwell22",0,89.1,"P Jon Lester OF Hunter Pence OF Gorkys Hernández 1B Anthony Rizzo C Willson Contreras 2B Joe Panik P Luis Perdomo 3B Cory Spangenberg OF Kyle Schwarber SS Allen Cordoba",NA,"","",NA
206,786773112,"rhuven777 (1/2)",0,89.1,"P Jon Lester OF Ben Zobrist OF José Pirela 1B Wil Myers C Willson Contreras P Luis Perdomo 3B Cory Spangenberg 2B Carlos Asuaje OF Kyle Schwarber SS Allen Cordoba",NA,"","",NA
206,786777867,"kevgtr1212",0,89.1,"P Jon Lester OF Ben Zobrist OF José Pirela 1B Wil Myers C Willson Contreras P Luis Perdomo 3B Cory Spangenberg 2B Carlos Asuaje OF Kyle Schwarber SS Allen Cordoba",NA,"","",NA
206,786799944,"niugrad13",0,89.1,"P Jon Lester 2B Ben Zobrist OF Jon Jay OF Jabari Blash 1B Wil Myers C Willson Contreras P Luis Perdomo 3B Cory Spangenberg OF Kyle Schwarber SS Allen Cordoba",NA,"","",NA
214,786783791,"Wigg3427",0,88.45,"P Adam Wainwright C Yadier Molina P Jon Lester OF Brandon Belt OF Matt Szczur OF Jabari Blash 3B Conor Gillaspie 1B Wil Myers 2B Joe Panik SS Addison Russell",NA,"","",NA
214,786800393,"youjean82",0,88.45,"P Adam Wainwright C Yadier Molina P Jon Lester OF Matt Szczur OF Jabari Blash 3B Conor Gillaspie 1B Wil Myers OF Cory Spangenberg SS Addison Russell 2B Carlos Asuaje",NA,"","",NA
216,786644410,"zsavior (13/15)",0,88.15,"P Adam Wainwright 3B Eduardo Núñez C Nick Hundley OF Brandon Belt OF Tommy Pham OF Gorkys Hernández P Matt Moore 1B Matt Carpenter 2B Joe Panik SS Paul DeJong",NA,"","",NA
217,786694612,"ForComicRelief",0,88.1,"P Jon Lester OF Jon Jay OF Jason Heyward OF Jabari Blash 1B Wil Myers C Willson Contreras P Luis Perdomo 3B Cory Spangenberg 2B Carlos Asuaje SS Allen Cordoba",NA,"","",NA
217,786742282,"DaHachetman",0,88.1,"C Yadier Molina P Jon Lester OF Tommy Pham OF Jabari Blash OF José Pirela 1B Wil Myers 3B Jedd Gyorko P Luis Perdomo SS Allen Cordoba 2B Paul DeJong",NA,"","",NA
217,786811298,"Slimeysid",0,88.1,"P Jon Lester OF Jabari Blash 1B Wil Myers 3B Kris Bryant P Luis Perdomo OF Cory Spangenberg SS Addison Russell 2B Carlos Asuaje OF Kyle Schwarber C Luis Torrens",NA,"","",NA
220,786547393,"Awesemo (5/15)",0,87.9,"P Jon Lester 2B Ben Zobrist OF Hunter Pence OF Brandon Belt 1B Anthony Rizzo P Matt Moore 3B Jedd Gyorko OF Kyle Schwarber SS Allen Cordoba C Luis Torrens",NA,"","",NA
221,786741472,"jeffylube (5/6)",0,87.45,"P Adam Wainwright P Jon Lester C Nick Hundley OF Brandon Belt OF Jabari Blash 3B Conor Gillaspie OF José Pirela 1B Wil Myers 2B Joe Panik SS Addison Russell",NA,"","",NA
222,786688889,"Benjaminbutton02",0,87.35,"P Adam Wainwright C Yadier Molina OF Dexter Fowler 3B Eduardo Núñez OF Tommy Pham 1B Wil Myers P Luis Perdomo OF Cory Spangenberg SS Addison Russell 2B Paul DeJong",NA,"","",NA
222,786810365,"fantasyking888",0,87.35,"P Adam Wainwright C Yadier Molina OF Ben Zobrist OF Eduardo Núñez OF Tommy Pham 1B Anthony Rizzo P Luis Perdomo 3B Cory Spangenberg 2B Carlos Asuaje SS Paul DeJong",NA,"","",NA
224,786653794,"emd710n (5/12)",0,87.14999,"P Adam Wainwright C Yadier Molina OF Hunter Pence 3B Eduardo Núñez 1B Brandon Belt OF Tommy Pham P Matt Moore 2B Joe Panik OF Orlando Calixte SS Paul DeJong",NA,"","",NA
225,786636129,"fewfew (13/15)",0,87.1,"P Jon Lester 2B Ben Zobrist OF Tommy Pham 1B Anthony Rizzo OF Jabari Blash OF José Pirela P Luis Perdomo 3B Cory Spangenberg SS Allen Cordoba C Luis Torrens",NA,"","",NA
225,786653791,"emd710n (2/12)",0,87.1,"P Jon Lester OF Matt Szczur 1B Anthony Rizzo OF Jabari Blash 3B Kris Bryant P Luis Perdomo 2B Carlos Asuaje OF Kyle Schwarber SS Allen Cordoba C Luis Torrens",NA,"","",NA
225,786655514,"DaddyMacWOSM",0,87.1,"P Jon Lester OF Gorkys Hernández OF José Pirela 1B Wil Myers C Willson Contreras P Luis Perdomo 3B Cory Spangenberg SS Addison Russell 2B Carlos Asuaje OF Kyle Schwarber",NA,"","",NA
225,786718676,"youdacao (5/15)",0,87.1,"P Jon Lester 2B Ben Zobrist OF Brandon Belt OF Gorkys Hernández 1B Matt Carpenter 3B Kris Bryant P Luis Perdomo SS Addison Russell OF Kyle Schwarber C Luis Torrens",NA,"","",NA
225,786741944,"VinceLN30 (2/3)",0,87.1,"P Jon Lester OF Gorkys Hernández OF Matt Szczur 1B Anthony Rizzo OF Jabari Blash C Willson Contreras P Luis Perdomo 3B Cory Spangenberg SS Addison Russell 2B Carlos Asuaje",NA,"","",NA
225,786766111,"stovearm",0,87.1,"P Jon Lester 3B Eduardo Núñez OF Jabari Blash OF José Pirela 1B Wil Myers C Willson Contreras P Luis Perdomo SS Addison Russell 2B Carlos Asuaje OF Kyle Schwarber",NA,"","",NA
231,786623521,"blakebenson12 (3/3)",0,86.9,"P Jon Lester OF Eduardo Núñez 1B Brandon Belt OF Tommy Pham OF Gorkys Hernández P Matt Moore 3B Conor Gillaspie C Willson Contreras 2B Joe Panik SS Addison Russell",NA,"","",NA
231,786650208,"curbm82 (1/10)",0,86.9,"P Jon Lester OF Ben Zobrist OF Eduardo Núñez 1B Brandon Belt P Matt Moore 3B Conor Gillaspie C Willson Contreras 2B Joe Panik SS Addison Russell OF Kyle Schwarber",NA,"","",NA
231,786653799,"emd710n (10/12)",0,86.9,"P Jon Lester OF Ben Zobrist OF Jason Heyward 1B Anthony Rizzo P Matt Moore 3B Conor Gillaspie 2B Joe Panik SS Addison Russell OF Kyle Schwarber C Luis Torrens",NA,"","",NA
231,786713038,"dand6935 (2/3)",0,86.9,"P Jon Lester OF Ben Zobrist OF Eduardo Núñez 1B Brandon Belt P Matt Moore 3B Conor Gillaspie C Willson Contreras 2B Joe Panik SS Addison Russell OF Kyle Schwarber",NA,"","",NA
231,786770495,"evanpro13",0,86.9,"P Jon Lester 2B Ben Zobrist C Nick Hundley OF Brandon Belt OF Gorkys Hernández 1B Anthony Rizzo P Matt Moore 3B Conor Gillaspie SS Addison Russell OF Kyle Schwarber",NA,"","",NA
231,786795549,"bigdaddyfatty",0,86.9,"P Jon Lester OF Ben Zobrist OF Eduardo Núñez 1B Brandon Belt P Matt Moore 3B Conor Gillaspie C Willson Contreras 2B Joe Panik SS Addison Russell OF Kyle Schwarber",NA,"","",NA
231,786800160,"washingtonindians",0,86.9,"P Jon Lester OF Ben Zobrist OF Eduardo Núñez 1B Brandon Belt P Matt Moore 3B Conor Gillaspie C Willson Contreras 2B Joe Panik SS Addison Russell OF Kyle Schwarber",NA,"","",NA
231,786802407,"swint (2/2)",0,86.9,"P Jon Lester OF Hunter Pence 3B Eduardo Núñez OF Brandon Belt P Matt Moore 1B Matt Carpenter C Willson Contreras 2B Joe Panik OF Kyle Schwarber SS Allen Cordoba",NA,"","",NA
231,786812493,"Sneak-e2",0,86.9,"P Jon Lester C Nick Hundley OF Jon Jay OF Brandon Belt 1B Anthony Rizzo P Matt Moore 3B Conor Gillaspie 2B Joe Panik OF Cory Spangenberg SS Addison Russell",NA,"","",NA
231,786590946,"mrgoodseats (9/15)",0,86.89999,"P Jon Lester OF Brandon Belt OF Tommy Pham P Matt Moore 1B Wil Myers 3B Kris Bryant 2B Carlos Asuaje OF Kyle Schwarber SS Allen Cordoba C Luis Torrens",NA,"","",NA
241,786725607,"Jdemshock1 (2/2)",0,86.8,"C Yadier Molina 2B Ben Zobrist OF Dexter Fowler OF Tommy Pham 1B Anthony Rizzo P Matt Moore OF Randal Grichuk 3B Kris Bryant P Luis Perdomo SS Paul DeJong",NA,"","",NA
241,786754394,"880082588ajw",0,86.8,"C Yadier Molina 2B Ben Zobrist OF Dexter Fowler OF Tommy Pham 1B Anthony Rizzo P Matt Moore OF Randal Grichuk 3B Kris Bryant P Luis Perdomo SS Paul DeJong",NA,"","",NA
241,786755878,"btaaffe5",0,86.8,"C Yadier Molina 2B Ben Zobrist OF Dexter Fowler OF Tommy Pham 1B Anthony Rizzo P Matt Moore OF Randal Grichuk 3B Kris Bryant P Luis Perdomo SS Paul DeJong",NA,"","",NA
241,786786779,"Blomo3221 (3/4)",0,86.8,"C Yadier Molina 2B Ben Zobrist OF Dexter Fowler 1B Anthony Rizzo P Matt Moore OF Randal Grichuk 3B Kris Bryant P Luis Perdomo OF Kyle Schwarber SS Paul DeJong",NA,"","",NA
241,786818573,"sportsguy75",0,86.8,"C Yadier Molina 2B Ben Zobrist OF Dexter Fowler OF Tommy Pham 1B Anthony Rizzo P Matt Moore OF Randal Grichuk 3B Kris Bryant P Luis Perdomo SS Paul DeJong",NA,"","",NA
246,786806621,"Budroyal",0,86.35,"P Adam Wainwright C Yadier Molina OF Dexter Fowler OF Tommy Pham OF Randal Grichuk 1B Wil Myers P Luis Perdomo 3B Cory Spangenberg SS Allen Cordoba 2B Paul DeJong",NA,"","",NA
247,786797076,"mikearny27",0,86.15,"P Adam Wainwright C Yadier Molina OF Hunter Pence OF Dexter Fowler OF Tommy Pham P Matt Moore 1B Wil Myers 3B Kris Bryant 2B Joe Panik SS Paul DeJong",NA,"","",NA
248,786617230,"Mansaclay",0,86.1,"P Jon Lester OF Jason Heyward OF Jabari Blash 1B Wil Myers P Luis Perdomo 3B Cory Spangenberg SS Addison Russell 2B Carlos Asuaje OF Kyle Schwarber C Luis Torrens",NA,"","",NA
248,786638953,"slippman (1/2)",0,86.1,"C Yadier Molina P Jon Lester OF Jon Jay OF Randal Grichuk 1B Luke Voit 3B Jedd Gyorko P Luis Perdomo SS Addison Russell OF Kyle Schwarber 2B Paul DeJong",NA,"","",NA
248,786718672,"youdacao (1/15)",0,86.1,"P Jon Lester 2B Ben Zobrist OF Brandon Belt OF Jabari Blash OF José Pirela 1B Wil Myers C Willson Contreras 3B Jedd Gyorko P Luis Perdomo SS Allen Cordoba",NA,"","",NA
248,786718681,"youdacao (10/15)",0,86.1,"C Yadier Molina P Jon Lester 2B Ben Zobrist OF Brandon Belt OF Jabari Blash OF José Pirela 1B Wil Myers 3B Jedd Gyorko P Luis Perdomo SS Allen Cordoba",NA,"","",NA
252,786632192,"Herbs0622",0,85.9,"P Jon Lester 2B Ben Zobrist OF Hunter Pence OF Brandon Belt 1B Anthony Rizzo P Matt Moore 3B Conor Gillaspie C Willson Contreras SS Addison Russell OF Orlando Calixte",NA,"","",NA
252,786644404,"zsavior (7/15)",0,85.9,"P Jon Lester C Nick Hundley OF Jason Heyward 1B Anthony Rizzo P Matt Moore 3B Conor Gillaspie 2B Joe Panik SS Addison Russell OF Kyle Schwarber OF Orlando Calixte",NA,"","",NA
252,786693701,"AP4Pres",0,85.9,"P Jon Lester OF Eduardo Núñez 1B Brandon Belt OF Jason Heyward P Matt Moore 3B Conor Gillaspie C Willson Contreras 2B Joe Panik SS Addison Russell OF Kyle Schwarber",NA,"","",NA
255,786742829,"gman444",0,85.35,"P Adam Wainwright OF Dexter Fowler 3B Eduardo Núñez OF Jason Heyward C Buster Posey OF Randal Grichuk 1B Matt Carpenter P Luis Perdomo 2B Javier Báez SS Paul DeJong",NA,"","",NA
256,786636124,"fewfew (8/15)",0,85.1,"P Jon Lester OF Brandon Belt OF Jabari Blash OF José Pirela 1B Wil Myers C Willson Contreras 3B Kris Bryant P Luis Perdomo 2B Carlos Asuaje SS Allen Cordoba",NA,"","",NA
256,786636128,"fewfew (12/15)",0,85.1,"P Jon Lester OF Matt Szczur 1B Anthony Rizzo OF José Pirela C Willson Contreras P Luis Perdomo 3B Cory Spangenberg 2B Carlos Asuaje OF Kyle Schwarber SS Allen Cordoba",NA,"","",NA
256,786731448,"jeffylube (2/6)",0,85.1,"P Jon Lester 2B Ben Zobrist 3B Eduardo Núñez OF Brandon Belt OF Jabari Blash OF José Pirela 1B Luke Voit C Willson Contreras P Luis Perdomo SS Addison Russell",NA,"","",NA
256,786741475,"jeffylube (6/6)",0,85.1,"C Yadier Molina P Jon Lester 2B Ben Zobrist 3B Eduardo Núñez 1B Brandon Belt OF Jabari Blash OF José Pirela P Luis Perdomo SS Addison Russell OF Kyle Schwarber",NA,"","",NA
256,786767256,"papalucia",0,85.1,"C Yadier Molina P Jon Lester 2B Ben Zobrist OF Dexter Fowler OF Jabari Blash OF José Pirela 1B Wil Myers 3B Jedd Gyorko P Luis Perdomo SS Allen Cordoba",NA,"","",NA
256,786802290,"KtownD (9/9)",0,85.1,"P Jon Lester OF Jon Jay OF Tommy Pham OF Matt Szczur 1B Anthony Rizzo C Willson Contreras P Luis Perdomo 3B Cory Spangenberg 2B Carlos Asuaje SS Allen Cordoba",NA,"","",NA
262,786547403,"Awesemo (15/15)",0,84.9,"P Jon Lester 2B Ben Zobrist OF Dexter Fowler OF Brandon Belt OF Gorkys Hernández 1B Anthony Rizzo P Matt Moore 3B Conor Gillaspie C Willson Contreras SS Allen Cordoba",NA,"","",NA
262,786623365,"LightningStrikes937",0,84.9,"P Jon Lester 2B Ben Zobrist OF Gorkys Hernández 1B Anthony Rizzo P Matt Moore 3B Conor Gillaspie C Willson Contreras SS Addison Russell OF Kyle Schwarber OF Orlando Calixte",NA,"","",NA
262,786631123,"carmen23ny",0,84.9,"P Jon Lester 2B Ben Zobrist OF Gorkys Hernández 1B Anthony Rizzo P Matt Moore 3B Conor Gillaspie C Willson Contreras SS Addison Russell OF Kyle Schwarber OF Orlando Calixte",NA,"","",NA
262,786731459,"jeffylube (3/6)",0,84.9,"C Yadier Molina P Jon Lester 1B Brandon Belt OF Gorkys Hernández P Matt Moore OF Jabari Blash OF José Pirela 3B Kris Bryant 2B Joe Panik SS Addison Russell",NA,"","",NA
266,786703642,"smg519",0,84.8,"C Yadier Molina OF Ben Zobrist OF Tommy Pham 1B Anthony Rizzo P Matt Moore OF Randal Grichuk 3B Kris Bryant P Luis Perdomo SS Addison Russell 2B Paul DeJong",NA,"","",NA
267,786665284,"wideout83",0,84.35,"P Adam Wainwright C Yadier Molina OF Tommy Pham OF Randal Grichuk 1B Wil Myers 3B Jedd Gyorko P Luis Perdomo OF Cory Spangenberg 2B Carlos Asuaje SS Paul DeJong",NA,"","",NA
267,786718686,"youdacao (15/15)",0,84.35,"P Adam Wainwright C Yadier Molina 2B Ben Zobrist OF Eduardo Núñez OF Brandon Belt OF Tommy Pham 1B Anthony Rizzo 3B Jedd Gyorko P Luis Perdomo SS Paul DeJong",NA,"","",NA
267,786726776,"Binya313 (2/2)",0,84.35,"P Adam Wainwright C Yadier Molina OF Dexter Fowler OF Tommy Pham OF Randal Grichuk 1B Wil Myers P Luis Perdomo 3B Cory Spangenberg SS Addison Russell 2B Paul DeJong",NA,"","",NA
270,786671921,"nomoreiloveyous",0,84.15,"P Adam Wainwright C Yadier Molina OF Dexter Fowler 3B Eduardo Núñez 1B Brandon Belt OF Tommy Pham OF Gorkys Hernández P Matt Moore 2B Joe Panik SS Paul DeJong",NA,"","",NA
270,786788677,"ElPasoKid",0,84.14999,"P Adam Wainwright C Yadier Molina OF Ben Zobrist 3B Eduardo Núñez OF Tommy Pham P Matt Moore 1B Matt Carpenter OF Cory Spangenberg SS Allen Cordoba 2B Paul DeJong",NA,"","",NA
272,786719742,"1967spike",0,84.1,"P Jon Lester 2B Ben Zobrist OF Dexter Fowler 1B Anthony Rizzo OF Jabari Blash P Luis Perdomo 3B Cory Spangenberg OF Kyle Schwarber SS Allen Cordoba C Luis Torrens",NA,"","",NA
272,786816035,"lukepeterson81",0,84.1,"C Yadier Molina P Jon Lester 1B Brandon Belt OF José Pirela 3B Kris Bryant 2B Joe Panik P Luis Perdomo OF Cory Spangenberg OF Kyle Schwarber SS Allen Cordoba",NA,"","",NA
274,786637925,"juststan41",0,83.9,"P Jon Lester OF Gorkys Hernández OF Jason Heyward 1B Anthony Rizzo P Matt Moore 3B Conor Gillaspie C Willson Contreras 2B Joe Panik OF Kyle Schwarber SS Allen Cordoba",NA,"","",NA
274,786824888,"sicwititdime",0,83.9,"P Jon Lester OF Hunter Pence OF Brandon Belt OF Gorkys Hernández 1B Anthony Rizzo P Matt Moore 3B Conor Gillaspie C Willson Contreras 2B Joe Panik SS Addison Russell",NA,"","",NA
276,786718674,"youdacao (3/15)",0,83.8,"C Yadier Molina 2B Ben Zobrist OF Eduardo Núñez OF Brandon Belt OF Tommy Pham P Matt Moore 1B Matt Carpenter 3B Kris Bryant P Luis Perdomo SS Paul DeJong",NA,"","",NA
276,786794248,"dprmaus",0,83.8,"OF Eduardo Núñez OF Tommy Pham 1B Anthony Rizzo P Matt Moore OF José Pirela C Willson Contreras 3B Kris Bryant P Luis Perdomo SS Addison Russell 2B Paul DeJong",NA,"","",NA
278,786650088,"Abboabbo (2/2)",0,83.45,"P Adam Wainwright P Jon Lester OF Dexter Fowler 1B Brandon Belt OF Gorkys Hernández 3B Conor Gillaspie C Willson Contreras 2B Joe Panik OF Cory Spangenberg SS Allen Cordoba",NA,"","",NA
278,786742114,"VinceLN30 (3/3)",0,83.45,"P Adam Wainwright P Jon Lester OF Hunter Pence 1B Brandon Belt OF Gorkys Hernández OF Jabari Blash C Willson Contreras 3B Cory Spangenberg 2B Carlos Asuaje SS Allen Cordoba",NA,"","",NA
280,786619055,"oceagles68 (3/3)",0,83.15,"P Adam Wainwright OF Hunter Pence 3B Eduardo Núñez C Nick Hundley OF Brandon Belt OF Tommy Pham P Matt Moore 1B Matt Carpenter SS Allen Cordoba 2B Paul DeJong",NA,"","",NA
281,786644409,"zsavior (12/15)",0,83.1,"P Jon Lester 1B Anthony Rizzo OF Jabari Blash 3B Kris Bryant P Luis Perdomo OF Cory Spangenberg 2B Carlos Asuaje OF Kyle Schwarber SS Allen Cordoba C Luis Torrens",NA,"","",NA
281,786733496,"davygxyz (1/2)",0,83.1,"P Jon Lester OF Tommy Pham OF Gorkys Hernández OF Matt Szczur 1B Anthony Rizzo C Willson Contreras 3B Jedd Gyorko P Luis Perdomo 2B Carlos Asuaje SS Allen Cordoba",NA,"","",NA
281,786753494,"mpasqurell",0,83.1,"P Jon Lester OF Jon Jay OF Jabari Blash OF José Pirela 1B Wil Myers C Willson Contreras P Luis Perdomo 3B Cory Spangenberg SS Addison Russell 2B Carlos Asuaje",NA,"","",NA
281,786774693,"neilmahon",0,83.1,"P Jon Lester OF Jon Jay OF Jabari Blash OF José Pirela 1B Wil Myers C Willson Contreras P Luis Perdomo 3B Cory Spangenberg SS Addison Russell 2B Carlos Asuaje",NA,"","",NA
281,786815462,"JasonZyman",0,83.1,"P Jon Lester OF Jon Jay OF Jabari Blash OF José Pirela 1B Wil Myers C Willson Contreras P Luis Perdomo 3B Cory Spangenberg SS Addison Russell 2B Carlos Asuaje",NA,"","",NA
286,786604639,"jumargordon",0,82.9,"C Yadier Molina P Jon Lester 3B Eduardo Núñez OF Brandon Belt P Matt Moore OF Jabari Blash OF José Pirela 1B Matt Carpenter 2B Joe Panik SS Addison Russell",NA,"","",NA
286,786653793,"emd710n (4/12)",0,82.9,"P Jon Lester C Nick Hundley OF Brandon Belt OF Gorkys Hernández 1B Anthony Rizzo P Matt Moore 3B Conor Gillaspie 2B Joe Panik SS Addison Russell OF Kyle Schwarber",NA,"","",NA
286,786739255,"bhicks32 (5/5)",0,82.9,"P Jon Lester OF Dexter Fowler C Nick Hundley OF Jon Jay 1B Anthony Rizzo P Matt Moore 3B Conor Gillaspie OF José Pirela 2B Joe Panik SS Addison Russell",NA,"","",NA
286,786641144,"metzee69",0,82.89999,"P Jon Lester OF Brandon Belt 1B Anthony Rizzo P Matt Moore 3B Conor Gillaspie C Willson Contreras 2B Joe Panik OF Cory Spangenberg SS Addison Russell OF Orlando Calixte",NA,"","",NA
290,786767400,"RickFlairWooo",0,82.15,"P Adam Wainwright 2B Ben Zobrist OF Hunter Pence C Nick Hundley OF Brandon Belt OF Tommy Pham 1B Anthony Rizzo P Matt Moore 3B Jedd Gyorko SS Paul DeJong",NA,"","",NA
290,786779154,"NPitz14",0,82.14999,"P Adam Wainwright OF Hunter Pence OF Eduardo Núñez 1B Brandon Belt OF Tommy Pham P Matt Moore C Willson Contreras 3B Jedd Gyorko 2B Joe Panik SS Paul DeJong",NA,"","",NA
292,786734843,"jedibeefcake",0,82.1,"P Jon Lester 1B Anthony Rizzo OF Jabari Blash OF José Pirela C Willson Contreras 3B Kris Bryant P Luis Perdomo 2B Carlos Asuaje SS Allen Cordoba OF Orlando Calixte",NA,"","",NA
292,786775870,"boosti",0,82.1,"P Jon Lester OF Hunter Pence C Nick Hundley OF Brandon Belt OF Jason Heyward 1B Matt Carpenter 3B Jedd Gyorko 2B Joe Panik P Luis Perdomo SS Addison Russell",NA,"","",NA
294,786806115,"rholley7878",0,81.9,"P Jon Lester 2B Ben Zobrist 1B Brandon Belt OF Gorkys Hernández OF Jason Heyward P Matt Moore 3B Conor Gillaspie C Willson Contreras SS Addison Russell OF Kyle Schwarber",NA,"","",NA
294,786759581,"Gutter30",0,81.89999,"P Jon Lester OF Hunter Pence 1B Brandon Belt OF Tommy Pham P Matt Moore 3B Conor Gillaspie OF Randal Grichuk C Willson Contreras 2B Joe Panik SS Addison Russell",NA,"","",NA
294,786797360,"Machon24",0,81.89999,"P Jon Lester OF Hunter Pence OF Brandon Belt P Matt Moore 3B Conor Gillaspie 1B Wil Myers C Willson Contreras 2B Joe Panik SS Addison Russell OF Kyle Schwarber",NA,"","",NA
297,786636123,"fewfew (7/15)",0,81.8,"C Yadier Molina OF Dexter Fowler OF Jon Jay P Matt Moore OF Randal Grichuk 1B Wil Myers 3B Jedd Gyorko P Luis Perdomo SS Addison Russell 2B Paul DeJong",NA,"","",NA
298,786705649,"LockMaster26",0,81.45,"P Adam Wainwright C Yadier Molina P Jon Lester 1B Brandon Belt OF Matt Szczur OF Jabari Blash SS Brandon Crawford OF José Pirela 3B Jedd Gyorko 2B Carlos Asuaje",NA,"","",NA
299,786752660,"Fsjewell",0,81.35,"P Adam Wainwright C Yadier Molina 2B Ben Zobrist OF Hunter Pence OF Tommy Pham 1B Anthony Rizzo OF Randal Grichuk 3B Kris Bryant P Luis Perdomo SS Allen Cordoba",NA,"","",NA
300,786803392,"dives",0,81.14999,"P Adam Wainwright OF Eduardo Núñez C Nick Hundley OF Brandon Belt OF Tommy Pham P Matt Moore 1B Matt Carpenter 3B Jedd Gyorko 2B Joe Panik SS Paul DeJong",NA,"","",NA
301,786604242,"HoopLandis (2/2)",0,81.1,"P Jon Lester 1B Brandon Belt OF Matt Szczur OF Jabari Blash OF José Pirela C Willson Contreras 3B Kris Bryant P Luis Perdomo SS Addison Russell 2B Carlos Asuaje",NA,"","",NA
301,786628527,"I-ENJOY-TOAST (1/2)",0,81.1,"P Jon Lester 3B Eduardo Núñez OF Jabari Blash OF José Pirela 1B Luke Voit C Willson Contreras P Luis Perdomo OF Cory Spangenberg SS Addison Russell 2B Carlos Asuaje",NA,"","",NA
301,786653984,"OrangeSwarm5",0,81.1,"P Jon Lester 2B Ben Zobrist 1B Anthony Rizzo OF Jabari Blash OF José Pirela 3B Jedd Gyorko P Luis Perdomo OF Kyle Schwarber SS Allen Cordoba C Luis Torrens",NA,"","",NA
301,786755739,"JasonC87",0,81.1,"P Jon Lester OF Jon Jay OF Tommy Pham 1B Anthony Rizzo OF José Pirela P Luis Perdomo 3B Cory Spangenberg SS Addison Russell 2B Carlos Asuaje C Luis Torrens",NA,"","",NA
305,786779283,"benny4411",0,80.9,"P Jon Lester 2B Ben Zobrist OF Hunter Pence 1B Brandon Belt OF Tommy Pham OF Gorkys Hernández P Matt Moore 3B Conor Gillaspie C Willson Contreras SS Addison Russell",NA,"","",NA
306,786650213,"curbm82 (2/10)",0,80.8,"C Yadier Molina 2B Ben Zobrist OF Dexter Fowler OF Jason Heyward 1B Anthony Rizzo P Matt Moore 3B Kris Bryant P Luis Perdomo OF Kyle Schwarber SS Paul DeJong",NA,"","",NA
306,786653800,"emd710n (11/12)",0,80.8,"OF Jon Jay OF Tommy Pham 1B Anthony Rizzo P Matt Moore OF Randal Grichuk C Willson Contreras 3B Kris Bryant P Luis Perdomo SS Addison Russell 2B Paul DeJong",NA,"","",NA
306,786679137,"Rmfesta",0,80.8,"OF Tommy Pham 1B Anthony Rizzo P Matt Moore OF Randal Grichuk C Willson Contreras 3B Jedd Gyorko 2B Joe Panik P Luis Perdomo OF Cory Spangenberg SS Paul DeJong",NA,"","",NA
306,786772871,"marty777",0,80.8,"C Yadier Molina 2B Ben Zobrist OF Dexter Fowler OF Jason Heyward 1B Anthony Rizzo P Matt Moore 3B Kris Bryant P Luis Perdomo OF Kyle Schwarber SS Paul DeJong",NA,"","",NA
306,786824905,"I-ENJOY-TOAST (2/2)",0,80.8,"C Yadier Molina 2B Ben Zobrist OF Dexter Fowler OF Jason Heyward 1B Anthony Rizzo P Matt Moore 3B Kris Bryant P Luis Perdomo OF Kyle Schwarber SS Paul DeJong",NA,"","",NA
311,786646758,"bucky787878",0,80.1,"P Jon Lester OF José Pirela 1B Wil Myers C Willson Contreras P Luis Perdomo 3B Cory Spangenberg SS Addison Russell 2B Carlos Asuaje OF Kyle Schwarber OF Allen Cordoba",NA,"","",NA
312,786725437,"msuareznj82",0,79.9,"P Jon Lester OF Brandon Belt OF Matt Szczur 1B Anthony Rizzo P Matt Moore 3B Conor Gillaspie C Willson Contreras 2B Joe Panik SS Addison Russell OF Kyle Schwarber",NA,"","",NA
312,786794313,"crazycanucklehead17 (1/3)",0,79.9,"P Jon Lester OF Brandon Belt OF Matt Szczur 1B Anthony Rizzo P Matt Moore 3B Conor Gillaspie C Willson Contreras 2B Joe Panik SS Addison Russell OF Kyle Schwarber",NA,"","",NA
312,786804160,"crazycanucklehead17 (2/3)",0,79.9,"P Jon Lester OF Brandon Belt OF Matt Szczur 1B Anthony Rizzo P Matt Moore 3B Conor Gillaspie C Willson Contreras 2B Joe Panik SS Addison Russell OF Kyle Schwarber",NA,"","",NA
312,786823817,"crazycanucklehead17 (3/3)",0,79.9,"P Jon Lester OF Brandon Belt OF Matt Szczur 1B Anthony Rizzo P Matt Moore 3B Conor Gillaspie C Willson Contreras 2B Joe Panik SS Addison Russell OF Kyle Schwarber",NA,"","",NA
316,786766612,"Jkyunetz",0,79.15,"P Adam Wainwright C Yadier Molina OF Dexter Fowler OF Tommy Pham P Matt Moore 1B Wil Myers 3B Jedd Gyorko 2B Joe Panik OF Cory Spangenberg SS Paul DeJong",NA,"","",NA
317,786602308,"ajones92192",0,79.1,"P Jon Lester 1B Brandon Belt OF Matt Szczur OF Jabari Blash OF José Pirela C Willson Contreras P Luis Perdomo 3B Cory Spangenberg SS Addison Russell 2B Carlos Asuaje",NA,"","",NA
317,786718675,"youdacao (4/15)",0,79.1,"P Jon Lester OF Tommy Pham OF Jabari Blash OF José Pirela 1B Wil Myers C Willson Contreras 3B Jedd Gyorko 2B Joe Panik P Luis Perdomo SS Allen Cordoba",NA,"","",NA
317,786751969,"Firedancers",0,79.1,"P Jon Lester 1B Brandon Belt OF Tommy Pham OF Matt Szczur OF Jabari Blash C Willson Contreras 2B Joe Panik P Luis Perdomo 3B Cory Spangenberg SS Addison Russell",NA,"","",NA
317,786774915,"behlenD (1/2)",0,79.1,"P Jon Lester OF Hunter Pence OF Jabari Blash OF José Pirela 1B Wil Myers C Willson Contreras 3B Jedd Gyorko P Luis Perdomo SS Addison Russell 2B Carlos Asuaje",NA,"","",NA
317,786808677,"quinnsafka",0,79.1,"P Jon Lester 1B Brandon Belt OF Tommy Pham OF Jabari Blash OF José Pirela 3B Kris Bryant 2B Joe Panik P Luis Perdomo SS Addison Russell C Luis Torrens",NA,"","",NA
322,786706287,"getchia (8/15)",0,78.9,"P Jon Lester 2B Ben Zobrist OF Jon Jay 1B Brandon Belt OF Gorkys Hernández P Matt Moore 3B Conor Gillaspie C Willson Contreras SS Addison Russell OF Kyle Schwarber",NA,"","",NA
323,786761127,"belgard11",0,78.8,"OF Ben Zobrist OF Dexter Fowler 3B Eduardo Núñez OF Jason Heyward 1B Anthony Rizzo P Matt Moore C Willson Contreras 2B Joe Panik P Luis Perdomo SS Addison Russell",NA,"","",NA
323,786769916,"afwx2002",0,78.8,"2B Ben Zobrist OF Dexter Fowler OF Tommy Pham 1B Anthony Rizzo P Matt Moore OF Randal Grichuk C Willson Contreras 3B Jedd Gyorko P Luis Perdomo SS Paul DeJong",NA,"","",NA
323,786773136,"Blomo3221 (1/4)",0,78.8,"C Yadier Molina 2B Ben Zobrist OF Dexter Fowler 1B Anthony Rizzo P Matt Moore OF Randal Grichuk 3B Jedd Gyorko P Luis Perdomo OF Kyle Schwarber SS Paul DeJong",NA,"","",NA
326,786685401,"tmac515",0,78.45,"P Adam Wainwright P Jon Lester OF Brandon Belt OF Jabari Blash 3B Conor Gillaspie OF José Pirela 1B Wil Myers C Willson Contreras 2B Carlos Asuaje SS Allen Cordoba",NA,"","",NA
327,786772400,"moklovin (2/3)",0,78.35,"P Adam Wainwright C Yadier Molina 2B Ben Zobrist OF Dexter Fowler OF Tommy Pham OF José Pirela 1B Wil Myers 3B Jedd Gyorko P Luis Perdomo SS Paul DeJong",NA,"","",NA
328,786660151,"floorsabove",0,78.15,"P Adam Wainwright OF Hunter Pence 1B Brandon Belt OF Tommy Pham P Matt Moore C Willson Contreras 3B Kris Bryant OF Cory Spangenberg SS Allen Cordoba 2B Paul DeJong",NA,"","",NA
329,786636127,"fewfew (11/15)",0,78.1,"C Yadier Molina P Jon Lester OF Jabari Blash OF José Pirela 1B Wil Myers P Luis Perdomo 3B Cory Spangenberg SS Addison Russell 2B Carlos Asuaje OF Kyle Schwarber",NA,"","",NA
329,786765366,"EMSBRO",0,78.1,"P Jon Lester OF Jon Jay 1B Anthony Rizzo OF Jabari Blash OF José Pirela C Willson Contreras P Luis Perdomo 3B Cory Spangenberg 2B Carlos Asuaje SS Allen Cordoba",NA,"","",NA
329,786814161,"slewyyy",0,78.1,"P Jon Lester 1B Brandon Belt OF Gorkys Hernández OF Jabari Blash OF José Pirela C Willson Contreras 3B Kris Bryant P Luis Perdomo SS Addison Russell 2B Carlos Asuaje",NA,"","",NA
332,786808085,"johnnygood (2/2)",0,77.8,"2B Ben Zobrist OF Jason Heyward P Matt Moore OF Randal Grichuk 1B Luke Voit C Willson Contreras 3B Jedd Gyorko P Luis Perdomo OF Kyle Schwarber SS Paul DeJong",NA,"","",NA
333,786774500,"thejuguar (2/2)",0,77.35,"P Adam Wainwright C Yadier Molina OF Dexter Fowler OF Tommy Pham OF José Pirela 1B Wil Myers 3B Kris Bryant P Luis Perdomo 2B Carlos Asuaje SS Paul DeJong",NA,"","",NA
334,786654935,"rebgann",0,77.15,"P Adam Wainwright OF Dexter Fowler OF Tommy Pham P Matt Moore OF José Pirela 1B Wil Myers C Willson Contreras 3B Cory Spangenberg 2B Carlos Asuaje SS Paul DeJong",NA,"","",NA
334,786748006,"alex.travers10",0,77.14999,"P Adam Wainwright C Yadier Molina OF Dexter Fowler OF Eduardo Núñez 1B Brandon Belt OF Tommy Pham P Matt Moore 3B Jedd Gyorko 2B Joe Panik SS Paul DeJong",NA,"","",NA
334,786799767,"liteman1972",0,77.14999,"P Adam Wainwright C Yadier Molina OF Dexter Fowler OF Eduardo Núñez 1B Brandon Belt OF Tommy Pham P Matt Moore 3B Jedd Gyorko 2B Joe Panik SS Paul DeJong",NA,"","",NA
337,786795336,"ijones223",0,76.9,"P Jon Lester OF Hunter Pence OF Brandon Belt OF Tommy Pham 1B Anthony Rizzo P Matt Moore 3B Conor Gillaspie C Willson Contreras 2B Joe Panik SS Allen Cordoba",NA,"","",NA
337,786687525,"OrganicGuy",0,76.89999,"P Jon Lester OF Brandon Belt OF Tommy Pham P Matt Moore 3B Conor Gillaspie 1B Wil Myers C Willson Contreras 2B Joe Panik OF Kyle Schwarber SS Allen Cordoba",NA,"","",NA
339,786706282,"getchia (3/15)",0,76.8,"C Yadier Molina OF Ben Zobrist OF Tommy Pham 1B Anthony Rizzo P Matt Moore OF Randal Grichuk 3B Jedd Gyorko P Luis Perdomo SS Addison Russell 2B Paul DeJong",NA,"","",NA
340,786770277,"dand6935 (3/3)",0,76.1,"P Jon Lester 1B Brandon Belt OF Jabari Blash OF José Pirela C Willson Contreras 3B Kris Bryant 2B Joe Panik P Luis Perdomo SS Addison Russell OF Allen Cordoba",NA,"","",NA
341,786706288,"getchia (9/15)",0,75.9,"P Jon Lester OF Hunter Pence 1B Brandon Belt OF Jason Heyward P Matt Moore 3B Conor Gillaspie C Willson Contreras 2B Joe Panik SS Addison Russell OF Kyle Schwarber",NA,"","",NA
342,786636119,"fewfew (3/15)",0,75.8,"C Yadier Molina OF Dexter Fowler P Matt Moore OF Randal Grichuk 1B Luke Voit 3B Kris Bryant 2B Joe Panik P Luis Perdomo OF Kyle Schwarber SS Paul DeJong",NA,"","",NA
342,786787606,"Hirk22",0,75.8,"C Yadier Molina 2B Ben Zobrist OF Jon Jay OF Tommy Pham 1B Anthony Rizzo P Matt Moore 3B Kris Bryant P Luis Perdomo OF Kyle Schwarber SS Paul DeJong",NA,"","",NA
344,786799249,"XOStars",0,75.45,"P Adam Wainwright C Yadier Molina P Jon Lester 1B Anthony Rizzo 3B Conor Gillaspie 2B Joe Panik SS Addison Russell OF Kyle Schwarber OF Allen Cordoba OF Orlando Calixte",NA,"","",NA
345,786653792,"emd710n (3/12)",0,75.35,"P Adam Wainwright C Yadier Molina OF Tommy Pham OF Jabari Blash OF José Pirela 1B Wil Myers P Luis Perdomo 3B Cory Spangenberg SS Allen Cordoba 2B Paul DeJong",NA,"","",NA
345,786681198,"guremoh",0,75.35,"P Adam Wainwright C Yadier Molina OF Tommy Pham OF José Pirela 1B Wil Myers 3B Jedd Gyorko P Luis Perdomo OF Cory Spangenberg 2B Carlos Asuaje SS Paul DeJong",NA,"","",NA
345,786749127,"ams38862",0,75.35,"P Adam Wainwright OF Tommy Pham OF José Pirela 1B Wil Myers C Willson Contreras 3B Jedd Gyorko P Luis Perdomo OF Cory Spangenberg 2B Carlos Asuaje SS Paul DeJong",NA,"","",NA
345,786753424,"jdreebs",0,75.35,"P Adam Wainwright OF Tommy Pham 1B Anthony Rizzo OF Jabari Blash OF Randal Grichuk C Willson Contreras P Luis Perdomo 3B Cory Spangenberg 2B Carlos Asuaje SS Paul DeJong",NA,"","",NA
345,786770110,"demasiado",0,75.35,"P Adam Wainwright C Yadier Molina OF Tommy Pham OF Jabari Blash OF José Pirela 1B Wil Myers P Luis Perdomo 3B Cory Spangenberg SS Allen Cordoba 2B Paul DeJong",NA,"","",NA
345,786786786,"parker8675",0,75.35,"P Adam Wainwright C Yadier Molina OF Jabari Blash OF José Pirela 1B Wil Myers 3B Jedd Gyorko P Luis Perdomo OF Cory Spangenberg SS Addison Russell 2B Paul DeJong",NA,"","",NA
345,786814624,"leftyjef",0,75.35,"P Adam Wainwright C Yadier Molina OF Dexter Fowler OF Tommy Pham OF José Pirela 1B Wil Myers P Luis Perdomo 3B Cory Spangenberg 2B Carlos Asuaje SS Paul DeJong",NA,"","",NA
345,786821106,"owensd224",0,75.35,"P Adam Wainwright OF Tommy Pham OF José Pirela 1B Wil Myers C Willson Contreras 3B Jedd Gyorko P Luis Perdomo OF Cory Spangenberg 2B Carlos Asuaje SS Paul DeJong",NA,"","",NA
353,786685579,"jsantopadre (1/2)",0,75.15,"P Adam Wainwright OF Dexter Fowler C Nick Hundley 1B Brandon Belt OF Tommy Pham P Matt Moore OF Randal Grichuk 3B Jedd Gyorko SS Addison Russell 2B Paul DeJong",NA,"","",NA
353,786653796,"emd710n (7/12)",0,75.14999,"P Adam Wainwright C Yadier Molina OF Dexter Fowler 3B Eduardo Núñez OF Brandon Belt OF Tommy Pham P Matt Moore 1B Matt Carpenter 2B Joe Panik SS Paul DeJong",NA,"","",NA
355,786716495,"gridironguru999 (2/3)",0,75.1,"P Jon Lester OF Tommy Pham OF Jabari Blash 3B Conor Gillaspie OF José Pirela 1B Wil Myers C Willson Contreras 2B Joe Panik P Luis Perdomo SS Addison Russell",NA,"","",NA
355,786716557,"gridironguru999 (3/3)",0,75.1,"P Jon Lester OF Tommy Pham OF Jabari Blash 3B Conor Gillaspie OF José Pirela 1B Wil Myers C Willson Contreras 2B Joe Panik P Luis Perdomo SS Addison Russell",NA,"","",NA
357,786725098,"moorman23",0,74.9,"C Yadier Molina P Jon Lester OF Hunter Pence OF Brandon Belt 1B Anthony Rizzo P Matt Moore 3B Conor Gillaspie 2B Joe Panik SS Addison Russell OF Kyle Schwarber",NA,"","",NA
357,786766255,"mjgarand (1/2)",0,74.89999,"P Jon Lester OF Brandon Belt 1B Anthony Rizzo P Matt Moore 3B Conor Gillaspie C Willson Contreras 2B Joe Panik SS Addison Russell OF Kyle Schwarber OF Orlando Calixte",NA,"","",NA
359,786636117,"fewfew (1/15)",0,74.8,"OF Dexter Fowler OF Tommy Pham 1B Anthony Rizzo P Matt Moore OF Randal Grichuk C Willson Contreras 3B Jedd Gyorko 2B Joe Panik P Luis Perdomo SS Paul DeJong",NA,"","",NA
359,786676034,"Shannon3069",0,74.8,"2B Ben Zobrist OF Brandon Belt OF Tommy Pham OF Gorkys Hernández 1B Anthony Rizzo P Matt Moore C Willson Contreras 3B Jedd Gyorko P Luis Perdomo SS Paul DeJong",NA,"","",NA
359,786721178,"joe0521 (2/2)",0,74.8,"OF Eduardo Núñez OF Tommy Pham 1B Anthony Rizzo P Matt Moore OF José Pirela C Willson Contreras 3B Kris Bryant 2B Joe Panik P Luis Perdomo SS Addison Russell",NA,"","",NA
362,786741989,"JudgeSmailz",0,74.15,"P Adam Wainwright OF Eduardo Núñez C Nick Hundley OF Brandon Belt OF Tommy Pham 1B Anthony Rizzo P Matt Moore 3B Jedd Gyorko 2B Joe Panik SS Addison Russell",NA,"","",NA
362,786774244,"rhuven777 (2/2)",0,74.15,"P Adam Wainwright OF Dexter Fowler OF Tommy Pham P Matt Moore OF Randal Grichuk 1B Matt Carpenter C Willson Contreras 3B Cory Spangenberg SS Allen Cordoba 2B Paul DeJong",NA,"","",NA
362,786666424,"murder_i_wrote",0,74.14999,"P Adam Wainwright OF Tommy Pham OF Matt Szczur 1B Anthony Rizzo P Matt Moore OF Randal Grichuk C Willson Contreras 3B Jedd Gyorko 2B Joe Panik SS Addison Russell",NA,"","",NA
362,786739238,"bhicks32 (3/5)",0,74.14999,"P Adam Wainwright 2B Ben Zobrist OF Hunter Pence OF Brandon Belt P Matt Moore OF José Pirela 1B Wil Myers C Willson Contreras 3B Jedd Gyorko SS Addison Russell",NA,"","",NA
366,786716412,"MTD34 (1/3)",0,74.1,"P Jon Lester 2B Ben Zobrist 1B Anthony Rizzo OF Jabari Blash 3B Conor Gillaspie OF José Pirela C Willson Contreras P Luis Perdomo OF Kyle Schwarber SS Allen Cordoba",NA,"","",NA
366,786747634,"jjstern99 (1/2)",0,74.1,"P Jon Lester OF Hunter Pence 1B Brandon Belt OF Tommy Pham OF Jason Heyward 3B Conor Gillaspie C Willson Contreras 2B Joe Panik P Luis Perdomo SS Addison Russell",NA,"","",NA
366,786747651,"jjstern99 (2/2)",0,74.1,"P Jon Lester OF Hunter Pence 1B Brandon Belt OF Tommy Pham OF Jason Heyward 3B Conor Gillaspie C Willson Contreras 2B Joe Panik P Luis Perdomo SS Addison Russell",NA,"","",NA
369,786718682,"youdacao (11/15)",0,73.9,"P Jon Lester 2B Ben Zobrist OF Brandon Belt OF Gorkys Hernández P Matt Moore 3B Conor Gillaspie 1B Matt Carpenter C Willson Contreras SS Addison Russell OF Kyle Schwarber",NA,"","",NA
370,786816266,"gakfamily2004 (1/6)",0,73.8,"2B Ben Zobrist OF Brandon Belt OF Tommy Pham 1B Anthony Rizzo P Matt Moore C Willson Contreras 3B Jedd Gyorko P Luis Perdomo OF Cory Spangenberg SS Paul DeJong",NA,"","",NA
370,786816598,"gakfamily2004 (2/6)",0,73.8,"2B Ben Zobrist OF Brandon Belt OF Tommy Pham 1B Anthony Rizzo P Matt Moore C Willson Contreras 3B Jedd Gyorko P Luis Perdomo OF Cory Spangenberg SS Paul DeJong",NA,"","",NA
370,786823928,"RU1034",0,73.8,"2B Ben Zobrist OF Dexter Fowler 3B Eduardo Núñez OF Tommy Pham 1B Anthony Rizzo P Matt Moore C Willson Contreras P Luis Perdomo OF Cory Spangenberg SS Addison Russell",NA,"","",NA
370,786825226,"gakfamily2004 (3/6)",0,73.8,"2B Ben Zobrist OF Brandon Belt OF Tommy Pham 1B Anthony Rizzo P Matt Moore C Willson Contreras 3B Jedd Gyorko P Luis Perdomo OF Cory Spangenberg SS Paul DeJong",NA,"","",NA
370,786825251,"gakfamily2004 (4/6)",0,73.8,"2B Ben Zobrist OF Brandon Belt OF Tommy Pham 1B Anthony Rizzo P Matt Moore C Willson Contreras 3B Jedd Gyorko P Luis Perdomo OF Cory Spangenberg SS Paul DeJong",NA,"","",NA
370,786825302,"gakfamily2004 (5/6)",0,73.8,"2B Ben Zobrist OF Brandon Belt OF Tommy Pham 1B Anthony Rizzo P Matt Moore C Willson Contreras 3B Jedd Gyorko P Luis Perdomo OF Cory Spangenberg SS Paul DeJong",NA,"","",NA
370,786825550,"gakfamily2004 (6/6)",0,73.8,"2B Ben Zobrist OF Brandon Belt OF Tommy Pham 1B Anthony Rizzo P Matt Moore C Willson Contreras 3B Jedd Gyorko P Luis Perdomo OF Cory Spangenberg SS Paul DeJong",NA,"","",NA
377,786673317,"jusmehere",0,73.35,"P Adam Wainwright C Yadier Molina OF Tommy Pham OF Jabari Blash OF José Pirela 1B Wil Myers P Luis Perdomo 3B Cory Spangenberg 2B Carlos Asuaje SS Paul DeJong",NA,"","",NA
377,786700672,"Gixxer3030",0,73.35,"P Adam Wainwright OF Tommy Pham OF Jabari Blash OF José Pirela 1B Wil Myers C Willson Contreras P Luis Perdomo 3B Cory Spangenberg 2B Carlos Asuaje SS Paul DeJong",NA,"","",NA
377,786809606,"jakefitz23",0,73.35,"P Adam Wainwright C Yadier Molina OF Tommy Pham OF Jabari Blash OF José Pirela 1B Wil Myers P Luis Perdomo 3B Cory Spangenberg 2B Carlos Asuaje SS Paul DeJong",NA,"","",NA
380,786628441,"nikkiphoenix",0,73.14999,"P Adam Wainwright C Yadier Molina OF Eduardo Núñez 1B Brandon Belt OF Tommy Pham P Matt Moore OF Jabari Blash 3B Conor Gillaspie 2B Joe Panik SS Paul DeJong",NA,"","",NA
380,786785193,"moneybands",0,73.14999,"P Adam Wainwright OF Hunter Pence OF Dexter Fowler C Nick Hundley OF Brandon Belt P Matt Moore 1B Matt Carpenter 3B Jedd Gyorko 2B Joe Panik SS Paul DeJong",NA,"","",NA
382,786653801,"emd710n (12/12)",0,73.1,"P Jon Lester OF Jon Jay 1B Luke Voit C Willson Contreras 3B Kris Bryant 2B Joe Panik P Luis Perdomo SS Addison Russell OF Kyle Schwarber OF Allen Cordoba",NA,"","",NA
382,786665118,"stlvsop",0,73.1,"P Jon Lester 3B Eduardo Núñez OF Tommy Pham OF Jabari Blash OF José Pirela 1B Luke Voit C Willson Contreras P Luis Perdomo SS Addison Russell 2B Carlos Asuaje",NA,"","",NA
384,786649651,"sonks",0,72.8,"2B Ben Zobrist OF Dexter Fowler OF Tommy Pham OF Jason Heyward 1B Anthony Rizzo P Matt Moore C Willson Contreras 3B Jedd Gyorko P Luis Perdomo SS Paul DeJong",NA,"","",NA
384,786650220,"curbm82 (3/10)",0,72.8,"2B Ben Zobrist OF Dexter Fowler OF Jason Heyward 1B Anthony Rizzo P Matt Moore C Willson Contreras 3B Jedd Gyorko P Luis Perdomo OF Kyle Schwarber SS Paul DeJong",NA,"","",NA
384,786706293,"getchia (14/15)",0,72.8,"2B Ben Zobrist OF Dexter Fowler OF Tommy Pham OF Jason Heyward 1B Anthony Rizzo P Matt Moore C Willson Contreras 3B Jedd Gyorko P Luis Perdomo SS Paul DeJong",NA,"","",NA
387,786688102,"yoni824",0,72.35,"P Adam Wainwright OF Dexter Fowler OF Tommy Pham 1B Anthony Rizzo 3B Jedd Gyorko P Luis Perdomo OF Cory Spangenberg SS Allen Cordoba C Luis Torrens 2B Paul DeJong",NA,"","",NA
387,786774499,"thejuguar (1/2)",0,72.35,"P Adam Wainwright C Yadier Molina OF Dexter Fowler OF Tommy Pham OF Jabari Blash 1B Wil Myers 3B Kris Bryant P Luis Perdomo 2B Carlos Asuaje SS Paul DeJong",NA,"","",NA
389,786801211,"Vikesfn8",0,72.15,"P Adam Wainwright OF Brandon Belt OF Tommy Pham P Matt Moore OF Randal Grichuk 1B Matt Carpenter C Willson Contreras 3B Jedd Gyorko 2B Joe Panik SS Paul DeJong",NA,"","",NA
390,786804809,"eaglesmw1",0,72.1,"P Jon Lester 1B Anthony Rizzo OF Jabari Blash OF José Pirela C Willson Contreras 3B Jedd Gyorko P Luis Perdomo SS Addison Russell 2B Carlos Asuaje OF Orlando Calixte",NA,"","",NA
391,786729593,"bhicks32 (1/5)",0,71.9,"C Yadier Molina P Jon Lester 2B Ben Zobrist OF Jon Jay OF Brandon Belt P Matt Moore OF Jabari Blash 1B Luke Voit 3B Jedd Gyorko SS Addison Russell",NA,"","",NA
392,786727648,"Bay101",0,71.8,"C Yadier Molina OF Dexter Fowler OF Jason Heyward 1B Anthony Rizzo P Matt Moore 3B Kris Bryant P Luis Perdomo SS Addison Russell OF Kyle Schwarber 2B Paul DeJong",NA,"","",NA
392,786804414,"cbs847",0,71.8,"OF Tommy Pham OF Jason Heyward 1B Anthony Rizzo P Matt Moore C Willson Contreras 3B Kris Bryant P Luis Perdomo OF Kyle Schwarber SS Allen Cordoba 2B Paul DeJong",NA,"","",NA
394,786705612,"gdub39",0,71.35,"P Adam Wainwright C Yadier Molina OF Dexter Fowler OF Tommy Pham OF José Pirela 1B Wil Myers 3B Jedd Gyorko P Luis Perdomo SS Allen Cordoba 2B Paul DeJong",NA,"","",NA
395,786650246,"curbm82 (5/10)",0,70.8,"C Yadier Molina OF Ben Zobrist OF Tommy Pham 1B Anthony Rizzo P Matt Moore 3B Kris Bryant P Luis Perdomo SS Addison Russell OF Kyle Schwarber 2B Paul DeJong",NA,"","",NA
395,786650257,"curbm82 (7/10)",0,70.8,"C Yadier Molina 2B Ben Zobrist OF Tommy Pham 1B Anthony Rizzo P Matt Moore OF Randal Grichuk 3B Kris Bryant P Luis Perdomo SS Addison Russell OF Kyle Schwarber",NA,"","",NA
395,786659668,"curbm82 (9/10)",0,70.8,"2B Ben Zobrist OF Tommy Pham OF Jason Heyward 1B Anthony Rizzo P Matt Moore C Willson Contreras 3B Jedd Gyorko P Luis Perdomo OF Kyle Schwarber SS Paul DeJong",NA,"","",NA
395,786727155,"Stevo-17",0,70.8,"2B Ben Zobrist OF Dexter Fowler OF Tommy Pham 1B Anthony Rizzo P Matt Moore C Willson Contreras P Luis Perdomo 3B Cory Spangenberg OF Kyle Schwarber SS Paul DeJong",NA,"","",NA
395,786739439,"xXxPLOSIVE (2/6)",0,70.8,"2B Ben Zobrist OF Tommy Pham OF Jason Heyward 1B Anthony Rizzo P Matt Moore C Willson Contreras 3B Jedd Gyorko P Luis Perdomo OF Kyle Schwarber SS Paul DeJong",NA,"","",NA
395,786739505,"xXxPLOSIVE (5/6)",0,70.8,"2B Ben Zobrist OF Tommy Pham OF Jason Heyward 1B Anthony Rizzo P Matt Moore C Willson Contreras 3B Jedd Gyorko P Luis Perdomo OF Kyle Schwarber SS Paul DeJong",NA,"","",NA
395,786769753,"quakers (3/3)",0,70.8,"2B Ben Zobrist OF Tommy Pham OF Jason Heyward 1B Anthony Rizzo P Matt Moore C Willson Contreras 3B Jedd Gyorko P Luis Perdomo OF Kyle Schwarber SS Paul DeJong",NA,"","",NA
395,786798243,"Blomo3221 (4/4)",0,70.8,"C Yadier Molina 2B Ben Zobrist OF Tommy Pham OF Jason Heyward 1B Anthony Rizzo P Matt Moore 3B Jedd Gyorko P Luis Perdomo OF Kyle Schwarber SS Paul DeJong",NA,"","",NA
403,786732298,"VinceLN30 (1/3)",0,70.35,"P Adam Wainwright OF Tommy Pham OF Jabari Blash 1B Wil Myers C Willson Contreras 3B Jedd Gyorko P Luis Perdomo OF Cory Spangenberg 2B Carlos Asuaje SS Paul DeJong",NA,"","",NA
404,786547398,"Awesemo (10/15)",0,70.15,"P Adam Wainwright OF Dexter Fowler OF Brandon Belt OF Tommy Pham P Matt Moore 1B Wil Myers C Willson Contreras 3B Kris Bryant 2B Joe Panik SS Allen Cordoba",NA,"","",NA
404,786640807,"timmythehead",0,70.15,"P Adam Wainwright OF Ben Zobrist OF Dexter Fowler 1B Brandon Belt OF Tommy Pham P Matt Moore C Willson Contreras 3B Cory Spangenberg 2B Carlos Asuaje SS Paul DeJong",NA,"","",NA
406,786718678,"youdacao (7/15)",0,70.1,"C Yadier Molina P Jon Lester OF Brandon Belt 1B Anthony Rizzo OF Jabari Blash OF José Pirela 3B Jedd Gyorko P Luis Perdomo 2B Carlos Asuaje SS Allen Cordoba",NA,"","",NA
407,786687150,"getchia (1/15)",0,69.8,"OF Dexter Fowler OF Tommy Pham 1B Anthony Rizzo P Matt Moore OF Randal Grichuk C Willson Contreras 3B Jedd Gyorko P Luis Perdomo SS Addison Russell 2B Paul DeJong",NA,"","",NA
407,786732391,"silkkmkp",0,69.8,"2B Ben Zobrist OF Dexter Fowler OF Tommy Pham 1B Anthony Rizzo P Matt Moore OF José Pirela C Willson Contreras 3B Jedd Gyorko P Luis Perdomo SS Paul DeJong",NA,"","",NA
407,786753034,"maydayman",0,69.8,"OF Tommy Pham 1B Anthony Rizzo P Matt Moore C Willson Contreras 3B Kris Bryant P Luis Perdomo OF Cory Spangenberg 2B Carlos Asuaje OF Kyle Schwarber SS Paul DeJong",NA,"","",NA
410,786718683,"youdacao (12/15)",0,69.35,"P Adam Wainwright C Yadier Molina OF Brandon Belt OF Tommy Pham OF José Pirela 1B Matt Carpenter 3B Kris Bryant 2B Joe Panik P Luis Perdomo SS Paul DeJong",NA,"","",NA
411,786813385,"dbld718",0,69.15,"P Adam Wainwright OF Dexter Fowler C Nick Hundley OF Tommy Pham P Matt Moore OF José Pirela 1B Matt Carpenter 3B Cory Spangenberg 2B Carlos Asuaje SS Paul DeJong",NA,"","",NA
412,786614459,"blakebenson12 (2/3)",0,69.1,"P Jon Lester 1B Brandon Belt OF Tommy Pham OF Jabari Blash OF José Pirela C Willson Contreras P Luis Perdomo 3B Cory Spangenberg 2B Carlos Asuaje SS Allen Cordoba",NA,"","",NA
413,786718677,"youdacao (6/15)",0,68.8,"2B Ben Zobrist OF Dexter Fowler OF Brandon Belt OF Tommy Pham P Matt Moore 1B Matt Carpenter C Willson Contreras 3B Kris Bryant P Luis Perdomo SS Paul DeJong",NA,"","",NA
413,786773734,"BigPasta (1/6)",0,68.8,"2B Ben Zobrist 1B Brandon Belt OF Tommy Pham OF Jason Heyward P Matt Moore C Willson Contreras 3B Kris Bryant P Luis Perdomo OF Cory Spangenberg SS Addison Russell",NA,"","",NA
413,786799618,"gatorback",0,68.8,"OF Hunter Pence OF Tommy Pham 1B Anthony Rizzo P Matt Moore C Willson Contreras 3B Kris Bryant P Luis Perdomo SS Addison Russell OF Kyle Schwarber 2B Paul DeJong",NA,"","",NA
416,786704307,"char211us",0,68.15,"P Adam Wainwright C Yadier Molina OF Hunter Pence 1B Brandon Belt OF Tommy Pham P Matt Moore 3B Jedd Gyorko OF Cory Spangenberg SS Addison Russell 2B Paul DeJong",NA,"","",NA
416,786716464,"MTD34 (3/3)",0,68.14999,"P Adam Wainwright C Yadier Molina OF Dexter Fowler 3B Eduardo Núñez OF Brandon Belt OF Tommy Pham 1B Anthony Rizzo P Matt Moore 2B Joe Panik SS Addison Russell",NA,"","",NA
416,786717946,"george43",0,68.14999,"P Adam Wainwright 2B Ben Zobrist OF Dexter Fowler 1B Brandon Belt OF Tommy Pham OF Matt Szczur P Matt Moore C Willson Contreras 3B Cory Spangenberg SS Addison Russell",NA,"","",NA
419,786791801,"JohnnyUtah83",0,68.1,"P Jon Lester OF Brandon Belt OF Tommy Pham 3B Conor Gillaspie 1B Wil Myers C Willson Contreras P Luis Perdomo SS Addison Russell 2B Carlos Asuaje OF Kyle Schwarber",NA,"","",NA
420,786641767,"Bullschmid (1/2)",0,67.8,"2B Ben Zobrist OF Tommy Pham OF Jason Heyward 1B Anthony Rizzo P Matt Moore OF José Pirela C Willson Contreras P Luis Perdomo 3B Cory Spangenberg SS Addison Russell",NA,"","",NA
420,786785812,"Blomo3221 (2/4)",0,67.8,"OF Tommy Pham 1B Anthony Rizzo P Matt Moore OF Randal Grichuk C Willson Contreras 3B Jedd Gyorko P Luis Perdomo SS Addison Russell OF Kyle Schwarber 2B Paul DeJong",NA,"","",NA
422,786791668,"Lobos",0,66.35,"P Adam Wainwright C Yadier Molina OF Dexter Fowler OF Tommy Pham OF Randal Grichuk 1B Wil Myers 3B Jedd Gyorko P Luis Perdomo 2B Carlos Asuaje SS Allen Cordoba",NA,"","",NA
423,786727858,"live4this2002",0,66.15,"P Adam Wainwright OF Hunter Pence OF Tommy Pham P Matt Moore C Buster Posey SS Brandon Crawford OF Randal Grichuk 1B Matt Carpenter 2B Javier Báez 3B Cory Spangenberg",NA,"","",NA
423,786766290,"mjgarand (2/2)",0,66.14999,"P Adam Wainwright C Yadier Molina OF Hunter Pence 3B Eduardo Núñez OF Brandon Belt OF Tommy Pham P Matt Moore 1B Luke Voit 2B Joe Panik SS Addison Russell",NA,"","",NA
425,786805666,"Birwin29",0,66.1,"P Jon Lester 1B Brandon Belt OF Tommy Pham OF Jabari Blash C Willson Contreras 3B Jedd Gyorko P Luis Perdomo OF Cory Spangenberg 2B Carlos Asuaje SS Allen Cordoba",NA,"","",NA
426,786698836,"Osobig1968",0,65.8,"2B Ben Zobrist OF Brandon Belt OF Tommy Pham 1B Anthony Rizzo P Matt Moore C Willson Contreras 3B Jedd Gyorko P Luis Perdomo OF Ian Happ SS Paul DeJong",NA,"","",NA
426,786778969,"23Jer (2/2)",0,65.8,"C Yadier Molina 2B Ben Zobrist OF Dexter Fowler OF Brandon Belt OF Tommy Pham 1B Anthony Rizzo P Matt Moore 3B Conor Gillaspie P Luis Perdomo SS Paul DeJong",NA,"","",NA
426,786781692,"manroth19",0,65.8,"2B Ben Zobrist OF Dexter Fowler OF Tommy Pham P Matt Moore 1B Matt Carpenter C Willson Contreras 3B Kris Bryant P Luis Perdomo OF Kyle Schwarber SS Paul DeJong",NA,"","",NA
426,786783075,"DoctorRoBry (2/3)",0,65.8,"2B Ben Zobrist OF Dexter Fowler OF Tommy Pham P Matt Moore 1B Matt Carpenter C Willson Contreras 3B Kris Bryant P Luis Perdomo OF Kyle Schwarber SS Paul DeJong",NA,"","",NA
430,786687985,"M_dub1",0,65.35,"P Adam Wainwright C Yadier Molina OF Tommy Pham OF Matt Szczur OF Jabari Blash SS Brandon Crawford 1B Wil Myers 3B Jedd Gyorko P Luis Perdomo 2B Carlos Asuaje",NA,"","",NA
430,786726399,"giantsquid",0,65.35,"P Adam Wainwright C Yadier Molina OF Dexter Fowler OF José Pirela 1B Wil Myers 3B Jedd Gyorko P Luis Perdomo OF Cory Spangenberg 2B Carlos Asuaje SS Allen Cordoba",NA,"","",NA
432,786766516,"fubar1127 (1/2)",0,65.14999,"P Adam Wainwright 2B Ben Zobrist OF Dexter Fowler 3B Eduardo Núñez OF Tommy Pham P Matt Moore OF Jabari Blash C Buster Posey SS Brandon Crawford 1B Matt Carpenter",NA,"","",NA
433,786620126,"rsrunningrebels",0,64.8,"OF Ben Zobrist OF Dexter Fowler OF Tommy Pham 1B Anthony Rizzo P Matt Moore C Willson Contreras 3B Jedd Gyorko P Luis Perdomo SS Addison Russell 2B Paul DeJong",NA,"","",NA
433,786634119,"warrendiddy",0,64.8,"2B Ben Zobrist OF Dexter Fowler OF Tommy Pham 1B Anthony Rizzo P Matt Moore C Willson Contreras 3B Jedd Gyorko P Luis Perdomo OF Kyle Schwarber SS Paul DeJong",NA,"","",NA
433,786650224,"curbm82 (4/10)",0,64.8,"2B Ben Zobrist OF Dexter Fowler OF Tommy Pham 1B Anthony Rizzo P Matt Moore C Willson Contreras 3B Jedd Gyorko P Luis Perdomo OF Kyle Schwarber SS Paul DeJong",NA,"","",NA
433,786683636,"baker12",0,64.8,"OF Ben Zobrist OF Dexter Fowler OF Tommy Pham 1B Anthony Rizzo P Matt Moore C Willson Contreras 3B Jedd Gyorko P Luis Perdomo SS Addison Russell 2B Paul DeJong",NA,"","",NA
433,786715082,"munroeseth (2/4)",0,64.8,"OF Ben Zobrist OF Brandon Belt OF Tommy Pham 1B Anthony Rizzo P Matt Moore C Willson Contreras 3B Kris Bryant 2B Joe Panik P Luis Perdomo SS Addison Russell",NA,"","",NA
433,786718680,"youdacao (9/15)",0,64.8,"OF Dexter Fowler OF Brandon Belt OF Tommy Pham P Matt Moore 1B Matt Carpenter C Willson Contreras 3B Kris Bryant 2B Joe Panik P Luis Perdomo SS Paul DeJong",NA,"","",NA
433,786724792,"munroeseth (3/4)",0,64.8,"OF Ben Zobrist OF Brandon Belt OF Tommy Pham 1B Anthony Rizzo P Matt Moore C Willson Contreras 3B Kris Bryant 2B Joe Panik P Luis Perdomo SS Addison Russell",NA,"","",NA
433,786746939,"RahwayRiverRat",0,64.8,"2B Ben Zobrist OF Dexter Fowler OF Tommy Pham 1B Anthony Rizzo P Matt Moore OF Randal Grichuk C Willson Contreras 3B Jedd Gyorko P Luis Perdomo SS Addison Russell",NA,"","",NA
433,786775717,"Gabe57 (2/2)",0,64.8,"OF Brandon Belt OF Tommy Pham 1B Anthony Rizzo P Matt Moore OF Jabari Blash C Willson Contreras 3B Kris Bryant P Luis Perdomo SS Addison Russell 2B Paul DeJong",NA,"","",NA
433,786776956,"rusty930",0,64.8,"1B Brandon Belt OF Tommy Pham OF Matt Szczur P Matt Moore 3B Conor Gillaspie OF Randal Grichuk C Willson Contreras 2B Joe Panik P Luis Perdomo SS Addison Russell",NA,"","",NA
443,786478179,"Bozesky7",0,64.15,"P Adam Wainwright 2B Ben Zobrist OF Brandon Belt OF Tommy Pham P Matt Moore C Buster Posey SS Brandon Crawford OF José Pirela 1B Luke Voit 3B Kris Bryant",NA,"","",NA
443,786814385,"Rammer",0,64.15,"P Adam Wainwright OF Tommy Pham P Matt Moore OF Randal Grichuk 1B Luke Voit C Willson Contreras 3B Jedd Gyorko SS Addison Russell OF Kyle Schwarber 2B Paul DeJong",NA,"","",NA
443,786823114,"choaterboy24",0,64.14999,"P Adam Wainwright C Yadier Molina 3B Eduardo Núñez OF Brandon Belt OF Tommy Pham P Matt Moore OF José Pirela 1B Matt Carpenter 2B Joe Panik SS Addison Russell",NA,"","",NA
446,786572986,"tchure",0,63.8,"OF Dexter Fowler OF Tommy Pham 1B Anthony Rizzo P Matt Moore C Willson Contreras 3B Jedd Gyorko P Luis Perdomo OF Cory Spangenberg 2B Carlos Asuaje SS Paul DeJong",NA,"","",NA
446,786667622,"bradlee1 (1/2)",0,63.8,"2B Ben Zobrist OF Tommy Pham P Matt Moore OF Randal Grichuk 1B Matt Carpenter C Willson Contreras 3B Kris Bryant P Luis Perdomo SS Addison Russell OF Kyle Schwarber",NA,"","",NA
446,786668190,"bradlee1 (2/2)",0,63.8,"2B Ben Zobrist OF Tommy Pham P Matt Moore OF Randal Grichuk 1B Matt Carpenter C Willson Contreras 3B Kris Bryant P Luis Perdomo SS Addison Russell OF Kyle Schwarber",NA,"","",NA
446,786706284,"getchia (5/15)",0,63.8,"C Yadier Molina 2B Ben Zobrist OF Tommy Pham OF Jason Heyward P Matt Moore 1B Luke Voit 3B Jedd Gyorko P Luis Perdomo OF Kyle Schwarber SS Paul DeJong",NA,"","",NA
446,786706294,"getchia (15/15)",0,63.8,"2B Ben Zobrist OF Tommy Pham OF Jason Heyward P Matt Moore OF Randal Grichuk 1B Luke Voit C Willson Contreras 3B Jedd Gyorko P Luis Perdomo SS Addison Russell",NA,"","",NA
446,786736166,"brossbach18 (1/2)",0,63.8,"OF Dexter Fowler OF Tommy Pham OF Jason Heyward 1B Anthony Rizzo P Matt Moore C Willson Contreras 3B Jedd Gyorko P Luis Perdomo SS Addison Russell 2B Paul DeJong",NA,"","",NA
446,786769751,"quakers (1/3)",0,63.8,"C Yadier Molina 2B Ben Zobrist OF Tommy Pham P Matt Moore OF Randal Grichuk 1B Matt Carpenter 3B Kris Bryant P Luis Perdomo SS Addison Russell OF Kyle Schwarber",NA,"","",NA
453,786609266,"oceagles68 (1/3)",0,63.35,"P Adam Wainwright OF Dexter Fowler OF Tommy Pham OF José Pirela 1B Matt Carpenter C Willson Contreras P Luis Perdomo 3B Cory Spangenberg SS Allen Cordoba 2B Paul DeJong",NA,"","",NA
454,786627252,"Dr.cobrabassett",0,63.15,"P Adam Wainwright OF Brandon Belt OF Tommy Pham P Matt Moore 1B Matt Carpenter C Willson Contreras 3B Jedd Gyorko OF Cory Spangenberg SS Allen Cordoba 2B Paul DeJong",NA,"","",NA
455,786765684,"acefrehley17",0,63.1,"P Jon Lester 1B Anthony Rizzo OF Jabari Blash 3B Conor Gillaspie OF José Pirela C Willson Contreras P Luis Perdomo SS Addison Russell 2B Carlos Asuaje OF Kyle Schwarber",NA,"","",NA
456,786636122,"fewfew (6/15)",0,62.8,"OF Dexter Fowler C Nick Hundley OF Tommy Pham OF Jason Heyward P Matt Moore 1B Matt Carpenter 3B Jedd Gyorko P Luis Perdomo SS Addison Russell 2B Paul DeJong",NA,"","",NA
456,786639560,"DoctorRoBry (1/3)",0,62.8,"OF Ben Zobrist OF Tommy Pham 1B Anthony Rizzo P Matt Moore C Willson Contreras 3B Jedd Gyorko P Luis Perdomo 2B Carlos Asuaje OF Kyle Schwarber SS Paul DeJong",NA,"","",NA
456,786650253,"curbm82 (6/10)",0,62.8,"OF Ben Zobrist OF Tommy Pham 1B Anthony Rizzo P Matt Moore C Willson Contreras 3B Jedd Gyorko P Luis Perdomo SS Addison Russell OF Kyle Schwarber 2B Paul DeJong",NA,"","",NA
456,786650265,"curbm82 (8/10)",0,62.8,"2B Ben Zobrist OF Tommy Pham 1B Anthony Rizzo P Matt Moore OF Randal Grichuk C Willson Contreras 3B Jedd Gyorko P Luis Perdomo SS Addison Russell OF Kyle Schwarber",NA,"","",NA
456,786739440,"xXxPLOSIVE (3/6)",0,62.8,"2B Ben Zobrist OF Tommy Pham 1B Anthony Rizzo P Matt Moore OF Randal Grichuk C Willson Contreras 3B Jedd Gyorko P Luis Perdomo SS Addison Russell OF Kyle Schwarber",NA,"","",NA
456,786739506,"xXxPLOSIVE (6/6)",0,62.8,"2B Ben Zobrist OF Tommy Pham 1B Anthony Rizzo P Matt Moore OF Randal Grichuk C Willson Contreras 3B Jedd Gyorko P Luis Perdomo SS Addison Russell OF Kyle Schwarber",NA,"","",NA
462,786694463,"taze34",0,62.35,"P Adam Wainwright C Yadier Molina OF Ben Zobrist OF Tommy Pham OF José Pirela 1B Matt Carpenter 3B Jedd Gyorko P Luis Perdomo SS Addison Russell 2B Paul DeJong",NA,"","",NA
463,786631238,"juicer75 (1/2)",0,61.9,"SS Erick Aybar P Jon Lester OF Hunter Pence P Matt Moore 1B Buster Posey C Willson Contreras 3B Jedd Gyorko 2B Javier Báez OF Mac Williamson OF Magneuris Sierra",NA,"","",NA
464,786716470,"gridironguru999 (1/3)",0,61.8,"OF Tommy Pham 1B Anthony Rizzo P Matt Moore OF Jabari Blash C Willson Contreras 3B Kris Bryant P Luis Perdomo SS Addison Russell OF Kyle Schwarber 2B Paul DeJong",NA,"","",NA
464,786720801,"kebaman",0,61.8,"OF Tommy Pham OF Jason Heyward 1B Anthony Rizzo P Matt Moore C Willson Contreras 3B Jedd Gyorko P Luis Perdomo SS Addison Russell OF Kyle Schwarber 2B Paul DeJong",NA,"","",NA
464,786773230,"OfficeNinja87",0,61.8,"C Yadier Molina 2B Ben Zobrist OF Dexter Fowler OF Brandon Belt OF Tommy Pham 1B Anthony Rizzo P Matt Moore 3B Kris Bryant P Luis Perdomo SS Addison Russell",NA,"","",NA
464,786787725,"ClickClack",0,61.8,"OF Tommy Pham OF Jason Heyward 1B Anthony Rizzo P Matt Moore C Willson Contreras 3B Jedd Gyorko P Luis Perdomo SS Addison Russell OF Kyle Schwarber 2B Paul DeJong",NA,"","",NA
464,786814909,"tkhsdh",0,61.8,"OF Tommy Pham OF Jason Heyward 1B Anthony Rizzo P Matt Moore C Willson Contreras 3B Jedd Gyorko P Luis Perdomo SS Addison Russell OF Kyle Schwarber 2B Paul DeJong",NA,"","",NA
469,786779070,"spikefork",0,61.35,"P Adam Wainwright OF Dexter Fowler OF Tommy Pham OF José Pirela 1B Wil Myers C Willson Contreras P Luis Perdomo 3B Cory Spangenberg SS Addison Russell 2B Carlos Asuaje",NA,"","",NA
469,786811440,"Bundy53065",0,61.35,"P Adam Wainwright C Yadier Molina OF Tommy Pham OF José Pirela 1B Matt Carpenter 3B Jedd Gyorko P Luis Perdomo OF Cory Spangenberg 2B Carlos Asuaje SS Paul DeJong",NA,"","",NA
471,786821400,"Thewolf8585",0,60.8,"2B Ben Zobrist OF Dexter Fowler OF Tommy Pham 1B Anthony Rizzo P Matt Moore C Willson Contreras 3B Kris Bryant P Luis Perdomo OF Kyle Schwarber SS Allen Cordoba",NA,"","",NA
472,786603702,"HoopLandis (1/2)",0,60.15,"P Adam Wainwright OF Dexter Fowler OF Brandon Belt OF Tommy Pham P Matt Moore 1B Matt Carpenter C Willson Contreras 3B Jedd Gyorko 2B Joe Panik SS Paul DeJong",NA,"","",NA
472,786815526,"Faz1328",0,60.15,"P Adam Wainwright OF Dexter Fowler OF Brandon Belt OF Tommy Pham P Matt Moore 1B Matt Carpenter C Willson Contreras 3B Jedd Gyorko 2B Joe Panik SS Paul DeJong",NA,"","",NA
472,786816280,"vassa",0,60.15,"P Adam Wainwright OF Dexter Fowler OF Brandon Belt OF Tommy Pham P Matt Moore 1B Matt Carpenter C Willson Contreras 3B Jedd Gyorko 2B Joe Panik SS Paul DeJong",NA,"","",NA
475,786526495,"kleinbud",0,59.35,"P Adam Wainwright OF Tommy Pham OF Jabari Blash OF José Pirela 1B Matt Carpenter C Willson Contreras P Luis Perdomo 3B Cory Spangenberg SS Addison Russell 2B Paul DeJong",NA,"","",NA
476,786706283,"getchia (4/15)",0,58.8,"C Yadier Molina OF Jon Jay OF Tommy Pham 1B Anthony Rizzo P Matt Moore 3B Jedd Gyorko P Luis Perdomo SS Addison Russell OF Kyle Schwarber 2B Paul DeJong",NA,"","",NA
477,786814981,"edomz148 (1/2)",0,58.35,"P Adam Wainwright C Yadier Molina OF Dexter Fowler OF Tommy Pham OF Jabari Blash 1B Wil Myers P Luis Perdomo 3B Cory Spangenberg 2B Carlos Asuaje SS Allen Cordoba",NA,"","",NA
477,786815352,"edomz148 (2/2)",0,58.35,"P Adam Wainwright C Yadier Molina OF Dexter Fowler OF Tommy Pham OF Jabari Blash 1B Luke Voit P Luis Perdomo 3B Cory Spangenberg SS Allen Cordoba 2B Paul DeJong",NA,"","",NA
477,786816140,"SeelsMcGreels",0,58.35,"P Adam Wainwright OF Dexter Fowler OF Tommy Pham 1B Matt Carpenter C Willson Contreras 3B Jedd Gyorko P Luis Perdomo OF Cory Spangenberg 2B Carlos Asuaje SS Paul DeJong",NA,"","",NA
480,786653797,"emd710n (8/12)",0,57.8,"2B Ben Zobrist OF Dexter Fowler OF Tommy Pham P Matt Moore OF Randal Grichuk 1B Luke Voit C Willson Contreras 3B Jedd Gyorko P Luis Perdomo SS Addison Russell",NA,"","",NA
480,786711479,"joe0521 (1/2)",0,57.8,"C Yadier Molina OF Tommy Pham 1B Anthony Rizzo P Matt Moore OF José Pirela 3B Kris Bryant 2B Joe Panik P Luis Perdomo SS Addison Russell OF Kyle Schwarber",NA,"","",NA
480,786773839,"BigPasta (2/6)",0,57.8,"OF Ben Zobrist OF Dexter Fowler OF Tommy Pham P Matt Moore 1B Luke Voit C Willson Contreras 3B Jedd Gyorko P Luis Perdomo 2B Carlos Asuaje SS Paul DeJong",NA,"","",NA
483,786733541,"davygxyz (2/2)",0,57.35,"P Adam Wainwright OF Brandon Belt OF Tommy Pham OF Jabari Blash 1B Luke Voit C Willson Contreras P Luis Perdomo 3B Cory Spangenberg 2B Carlos Asuaje SS Paul DeJong",NA,"","",NA
484,786638382,"reese0518",0,57.15,"P Adam Wainwright C Yadier Molina OF Dexter Fowler 1B Brandon Belt OF Tommy Pham P Matt Moore OF José Pirela 2B Joe Panik 3B Cory Spangenberg SS Addison Russell",NA,"","",NA
484,786697688,"Gabe57 (1/2)",0,57.15,"P Adam Wainwright C Yadier Molina OF Brandon Belt P Matt Moore OF José Pirela 1B Luke Voit 3B Jedd Gyorko 2B Joe Panik OF Cory Spangenberg SS Addison Russell",NA,"","",NA
486,786777264,"behlenD (2/2)",0,56.8,"C Yadier Molina 2B Ben Zobrist OF Tommy Pham 1B Anthony Rizzo P Matt Moore OF Jabari Blash 3B Kris Bryant P Luis Perdomo SS Addison Russell OF Kyle Schwarber",NA,"","",NA
487,786731132,"slippman (2/2)",0,55.9,"P Jon Lester OF Brandon Belt OF Tommy Pham P Matt Moore 3B Conor Gillaspie 1B Luke Voit C Willson Contreras SS Addison Russell 2B Carlos Asuaje OF Kyle Schwarber",NA,"","",NA
488,786643136,"gunnerg",0,55.35,"P Adam Wainwright 2B Ben Zobrist OF Dexter Fowler OF Tommy Pham OF Jason Heyward 1B Matt Carpenter C Willson Contreras 3B Jedd Gyorko P Luis Perdomo SS Allen Cordoba",NA,"","",NA
488,786653798,"emd710n (9/12)",0,55.35,"P Adam Wainwright C Yadier Molina OF Dexter Fowler OF Jabari Blash OF José Pirela 1B Matt Carpenter 3B Jedd Gyorko P Luis Perdomo 2B Carlos Asuaje SS Paul DeJong",NA,"","",NA
488,786792225,"gsxr6sport05",0,55.35,"P Adam Wainwright C Yadier Molina OF Tommy Pham OF Jabari Blash OF José Pirela 1B Wil Myers 3B Jedd Gyorko P Luis Perdomo 2B Carlos Asuaje SS Allen Cordoba",NA,"","",NA
488,786806147,"bradyis (3/3)",0,55.35,"P Adam Wainwright C Yadier Molina 2B Ben Zobrist OF Dexter Fowler OF Tommy Pham 1B Matt Carpenter 3B Jedd Gyorko P Luis Perdomo OF Cory Spangenberg SS Allen Cordoba",NA,"","",NA
492,786637376,"archeryrunner",0,55.15,"P Adam Wainwright OF Dexter Fowler 1B Brandon Belt OF Tommy Pham P Matt Moore OF Jabari Blash C Willson Contreras 3B Jedd Gyorko SS Addison Russell 2B Paul DeJong",NA,"","",NA
492,786717533,"fockemstine",0,55.15,"P Adam Wainwright OF Tommy Pham P Matt Moore OF Jabari Blash OF Randal Grichuk 1B Matt Carpenter C Willson Contreras 3B Jedd Gyorko 2B Joe Panik SS Addison Russell",NA,"","",NA
492,786775710,"ksearsjr",0,55.15,"P Adam Wainwright OF Dexter Fowler OF Brandon Belt OF Tommy Pham P Matt Moore 1B Matt Carpenter C Willson Contreras 3B Jedd Gyorko 2B Carlos Asuaje SS Paul DeJong",NA,"","",NA
495,786631242,"juicer75 (2/2)",0,54.35,"P Adam Wainwright 2B Ben Zobrist OF Dexter Fowler OF Tommy Pham SS Brandon Crawford 1B Matt Carpenter C Héctor Sánchez OF Hunter Renfroe P Luis Perdomo 3B Cory Spangenberg",NA,"","",NA
496,786781422,"Whipit3000 (5/5)",0,53.15,"P Adam Wainwright OF Dexter Fowler OF Brandon Belt 1B Anthony Rizzo P Matt Moore OF Jabari Blash SS Brandon Crawford C Willson Contreras 3B Jedd Gyorko 2B Carlos Asuaje",NA,"","",NA
497,786667223,"rhallone",0,52.15,"P Adam Wainwright OF Dexter Fowler 1B Brandon Belt OF Tommy Pham OF Jason Heyward P Matt Moore 3B Conor Gillaspie C Willson Contreras 2B Joe Panik SS Addison Russell",NA,"","",NA
498,786751458,"bric75 (3/3)",0,51.8,"2B Ben Zobrist OF Dexter Fowler OF Tommy Pham P Matt Moore 1B Matt Carpenter C Willson Contreras 3B Kris Bryant P Luis Perdomo SS Addison Russell OF Kyle Schwarber",NA,"","",NA
498,786767542,"jschall24",0,51.8,"C Yadier Molina 2B Ben Zobrist OF Dexter Fowler OF Tommy Pham P Matt Moore 1B Matt Carpenter 3B Kris Bryant P Luis Perdomo SS Addison Russell OF Kyle Schwarber",NA,"","",NA
498,786774010,"johncy2000",0,51.8,"2B Ben Zobrist OF Dexter Fowler OF Tommy Pham P Matt Moore 1B Matt Carpenter C Willson Contreras 3B Kris Bryant P Luis Perdomo SS Addison Russell OF Kyle Schwarber",NA,"","",NA
501,786609902,"Khillier",0,50.8,"2B Ben Zobrist OF Dexter Fowler OF Tommy Pham 1B Anthony Rizzo P Matt Moore C Willson Contreras 3B Jedd Gyorko P Luis Perdomo SS Addison Russell OF Kyle Schwarber",NA,"","",NA
501,786659674,"curbm82 (10/10)",0,50.8,"2B Ben Zobrist OF Dexter Fowler OF Tommy Pham 1B Anthony Rizzo P Matt Moore C Willson Contreras 3B Jedd Gyorko P Luis Perdomo SS Addison Russell OF Kyle Schwarber",NA,"","",NA
501,786695573,"Whipit3000 (1/5)",0,50.8,"C Yadier Molina 2B Ben Zobrist OF Dexter Fowler OF Tommy Pham 1B Anthony Rizzo P Matt Moore 3B Jedd Gyorko P Luis Perdomo SS Addison Russell OF Kyle Schwarber",NA,"","",NA
501,786714195,"zigger77",0,50.8,"2B Ben Zobrist OF Dexter Fowler OF Tommy Pham 1B Anthony Rizzo P Matt Moore C Willson Contreras 3B Jedd Gyorko P Luis Perdomo SS Addison Russell OF Kyle Schwarber",NA,"","",NA
501,786739438,"xXxPLOSIVE (1/6)",0,50.8,"2B Ben Zobrist OF Dexter Fowler OF Tommy Pham 1B Anthony Rizzo P Matt Moore C Willson Contreras 3B Jedd Gyorko P Luis Perdomo SS Addison Russell OF Kyle Schwarber",NA,"","",NA
501,786739504,"xXxPLOSIVE (4/6)",0,50.8,"2B Ben Zobrist OF Dexter Fowler OF Tommy Pham 1B Anthony Rizzo P Matt Moore C Willson Contreras 3B Jedd Gyorko P Luis Perdomo SS Addison Russell OF Kyle Schwarber",NA,"","",NA
501,786749778,"thatguybstax",0,50.8,"2B Ben Zobrist OF Dexter Fowler OF Tommy Pham 1B Anthony Rizzo P Matt Moore C Willson Contreras 3B Jedd Gyorko P Luis Perdomo SS Addison Russell OF Kyle Schwarber",NA,"","",NA
501,786769752,"quakers (2/3)",0,50.8,"2B Ben Zobrist OF Dexter Fowler OF Tommy Pham 1B Anthony Rizzo P Matt Moore C Willson Contreras 3B Jedd Gyorko P Luis Perdomo SS Addison Russell OF Kyle Schwarber",NA,"","",NA
501,786779196,"Backyard20",0,50.8,"2B Ben Zobrist OF Dexter Fowler OF Tommy Pham 1B Anthony Rizzo P Matt Moore C Willson Contreras 3B Jedd Gyorko P Luis Perdomo SS Addison Russell OF Kyle Schwarber",NA,"","",NA
501,786807916,"dokcash",0,50.8,"2B Ben Zobrist OF Dexter Fowler OF Tommy Pham 1B Anthony Rizzo P Matt Moore C Willson Contreras 3B Jedd Gyorko P Luis Perdomo SS Addison Russell OF Kyle Schwarber",NA,"","",NA
501,786822346,"al13131",0,50.8,"2B Ben Zobrist OF Dexter Fowler OF Tommy Pham 1B Anthony Rizzo P Matt Moore C Willson Contreras 3B Jedd Gyorko P Luis Perdomo SS Addison Russell OF Kyle Schwarber",NA,"","",NA
512,786630930,"chuckface8",0,50.35,"P Adam Wainwright OF Dexter Fowler OF Tommy Pham OF Jabari Blash 1B Luke Voit C Willson Contreras 3B Jedd Gyorko P Luis Perdomo SS Addison Russell 2B Paul DeJong",NA,"","",NA
512,786802659,"daveorleman",0,50.35,"P Adam Wainwright OF Dexter Fowler OF Tommy Pham OF Jabari Blash 1B Luke Voit C Willson Contreras 3B Jedd Gyorko P Luis Perdomo 2B Carlos Asuaje SS Paul DeJong",NA,"","",NA
514,786794350,"tprokopenko",0,49.8,"OF Dexter Fowler OF Tommy Pham 1B Anthony Rizzo P Matt Moore C Willson Contreras 3B Kris Bryant P Luis Perdomo SS Addison Russell 2B Carlos Asuaje OF Kyle Schwarber",NA,"","",NA
515,786703796,"bosox102008",0,49.35,"P Adam Wainwright OF Dexter Fowler OF Tommy Pham 1B Matt Carpenter 3B Jedd Gyorko P Luis Perdomo OF Cory Spangenberg SS Addison Russell 2B Carlos Asuaje C Luis Torrens",NA,"","",NA
515,786821650,"TheDre",0,49.35,"P Adam Wainwright C Yadier Molina OF Dexter Fowler OF José Pirela 1B Matt Carpenter 3B Jedd Gyorko P Luis Perdomo OF Cory Spangenberg SS Addison Russell 2B Carlos Asuaje",NA,"","",NA
517,786636118,"fewfew (2/15)",0,46.8,"C Yadier Molina OF Tommy Pham P Matt Moore OF Randal Grichuk 1B Matt Carpenter 3B Jedd Gyorko P Luis Perdomo SS Addison Russell 2B Carlos Asuaje OF Kyle Schwarber",NA,"","",NA
518,786813967,"trulydevoted",0,46.35,"P Adam Wainwright C Yadier Molina OF Dexter Fowler OF Tommy Pham 1B Matt Carpenter 3B Jedd Gyorko P Luis Perdomo OF Cory Spangenberg 2B Carlos Asuaje SS Allen Cordoba",NA,"","",NA
519,786636121,"fewfew (5/15)",0,46.15,"P Adam Wainwright C Yadier Molina OF Dexter Fowler OF Brandon Belt OF Tommy Pham P Matt Moore 1B Luke Voit 3B Jedd Gyorko 2B Joe Panik SS Addison Russell",NA,"","",NA
520,786636120,"fewfew (4/15)",0,45.8,"C Yadier Molina 2B Ben Zobrist OF Dexter Fowler OF Tommy Pham P Matt Moore 1B Luke Voit 3B Jedd Gyorko P Luis Perdomo OF Kyle Schwarber SS Allen Cordoba",NA,"","",NA
521,786761012,"jerrybam57",0,45.35,"P Adam Wainwright C Yadier Molina 2B Ben Zobrist OF Dexter Fowler OF Tommy Pham 1B Matt Carpenter 3B Jedd Gyorko P Luis Perdomo SS Addison Russell OF Kyle Schwarber",NA,"","",NA
522,786807822,"tuffrock2001 (1/2)",0,44.35,"P Adam Wainwright C Yadier Molina OF Dexter Fowler OF Tommy Pham OF Jabari Blash 1B Matt Carpenter P Luis Perdomo 3B Cory Spangenberg 2B Carlos Asuaje SS Allen Cordoba",NA,"","",NA
522,786818239,"tuffrock2001 (2/2)",0,44.35,"P Adam Wainwright C Yadier Molina OF Dexter Fowler OF Tommy Pham OF Jabari Blash 1B Matt Carpenter P Luis Perdomo 3B Cory Spangenberg 2B Carlos Asuaje SS Allen Cordoba",NA,"","",NA
524,786808044,"johnnygood (1/2)",0,43.8,"C Yadier Molina 2B Ben Zobrist OF Dexter Fowler OF Tommy Pham P Matt Moore 1B Luke Voit 3B Jedd Gyorko P Luis Perdomo SS Addison Russell OF Kyle Schwarber",NA,"","",NA
525,786634985,"fitchett13",0,0,"",NA,"","",NA
