QB,RB,RB,WR,WR,WR,TE,FLEX,DST
Andrew Luck (7688565),Ezekiel Elliott (7688617),Charcandrick West (7688607),T.Y. Hilton (7688763),Jarvis Landry (7688694),Ty Montgomery (7688766),Antonio Gates (7688866),Darren Sproles (7688586),Chiefs  (7689189)
Andrew Luck (7688565),Ezekiel Elliott (7688617),Le'Veon Bell (7688621),T.Y. Hilton (7688763),DeVante Parker (7688696),Tavon Austin (7688753),Antonio Gates (7688866),Mark Ingram (7688632),Eagles  (7689186)
Andrew Luck (7688565),Le'Veon Bell (7688621),Devontae Booker (7688669),T.Y. Hilton (7688763),Ty Montgomery (7688766),Tavon Austin (7688753),Dennis Pitta (7688835),Charcandrick West (7688607),Cowboys  (7689192)
Aaron Rodgers (7688563),Ezekiel Elliott (7688617),Mark Ingram (7688632),T.Y. Hilton (7688763),Ty Montgomery (7688766),Golden Tate (7688673),Dennis Pitta (7688835),Charcandrick West (7688607),Eagles  (7689186)
Aaron Rodgers (7688563),Le'Veon Bell (7688621),Charcandrick West (7688607),Antonio Brown (7688730),Ty Montgomery (7688766),Golden Tate (7688673),Antonio Gates (7688866),Tavon Austin (7688753),Chiefs  (7689189)
Andrew Luck (7688565),Mark Ingram (7688632),Charcandrick West (7688607),Antonio Brown (7688730),T.Y. Hilton (7688763),Ty Montgomery (7688766),Delanie Walker (7688865),DeVante Parker (7688696),Rams  (7689197)
Andrew Luck (7688565),Le'Veon Bell (7688621),Mark Ingram (7688632),T.Y. Hilton (7688763),Demaryius Thomas (7688788),Ty Montgomery (7688766),Eric Ebron (7688801),Golden Tate (7688673),Chiefs  (7689189)
Aaron Rodgers (7688563),Ezekiel Elliott (7688617),Devontae Booker (7688669),T.Y. Hilton (7688763),Ty Montgomery (7688766),Tavon Austin (7688753),Antonio Gates (7688866),Theo Riddick (7688580),Rams  (7689197)
Ryan Tannehill (7688531),Ezekiel Elliott (7688617),Le'Veon Bell (7688621),T.Y. Hilton (7688763),Ty Montgomery (7688766),DeVante Parker (7688696),Eric Ebron (7688801),Charcandrick West (7688607),Dolphins  (7689187)
Andrew Luck (7688565),Le'Veon Bell (7688621),Mark Ingram (7688632),Jordy Nelson (7688761),Ty Montgomery (7688766),Donte Moncrief (7688767),Antonio Gates (7688866),Charcandrick West (7688607),Vikings  (7689184)
Andrew Luck (7688565),Ezekiel Elliott (7688617),Mark Ingram (7688632),Antonio Brown (7688730),Donte Moncrief (7688767),Tavon Austin (7688753),Dennis Pitta (7688835),Charcandrick West (7688607),Chiefs  (7689189)
Philip Rivers (7688569),Ezekiel Elliott (7688617),Le'Veon Bell (7688621),T.Y. Hilton (7688763),Tyrell Williams (7688783),Golden Tate (7688673),Antonio Gates (7688866),Charcandrick West (7688607),Chargers  (7689202)
Andrew Luck (7688565),Devontae Booker (7688669),Theo Riddick (7688580),Antonio Brown (7688730),T.Y. Hilton (7688763),Golden Tate (7688673),Antonio Gates (7688866),Charcandrick West (7688607),Eagles  (7689186)
Ryan Tannehill (7688531),Ezekiel Elliott (7688617),Le'Veon Bell (7688621),Jarvis Landry (7688694),Ty Montgomery (7688766),Golden Tate (7688673),Antonio Gates (7688866),Mark Ingram (7688632),Cowboys  (7689192)
Philip Rivers (7688569),Ezekiel Elliott (7688617),Mark Ingram (7688632),T.Y. Hilton (7688763),Ty Montgomery (7688766),Tyrell Williams (7688783),Delanie Walker (7688865),Tavon Austin (7688753),Chiefs  (7689189)
Aaron Rodgers (7688563),Le'Veon Bell (7688621),Mark Ingram (7688632),T.Y. Hilton (7688763),Emmanuel Sanders (7688786),Ty Montgomery (7688766),Antonio Gates (7688866),Darren Sproles (7688586),Dolphins  (7689187)
Drew Brees (7688552),Le'Veon Bell (7688621),Charcandrick West (7688607),T.Y. Hilton (7688763),Demaryius Thomas (7688788),Willie Snead (7688742),Antonio Gates (7688866),Ty Montgomery (7688766),Rams  (7689197)
Ben Roethlisberger (7688548),Ezekiel Elliott (7688617),Mark Ingram (7688632),Antonio Brown (7688730),Emmanuel Sanders (7688786),Ty Montgomery (7688766),Antonio Gates (7688866),Charcandrick West (7688607),Saints  (7689195)
Andrew Luck (7688565),Le'Veon Bell (7688621),Duke Johnson Jr. (7688615),Antonio Brown (7688730),T.Y. Hilton (7688763),Ty Montgomery (7688766),Antonio Gates (7688866),Latavius Murray (7688662),Saints  (7689195)
Andrew Luck (7688565),Ezekiel Elliott (7688617),Theo Riddick (7688580),T.Y. Hilton (7688763),Demaryius Thomas (7688788),Ty Montgomery (7688766),Dennis Pitta (7688835),DeVante Parker (7688696),Saints  (7689195)
Andrew Luck (7688565),Ezekiel Elliott (7688617),DuJuan Harris (7688630),Antonio Brown (7688730),T.Y. Hilton (7688763),Ty Montgomery (7688766),Eric Ebron (7688801),Tavon Austin (7688753),Jets  (7689188)
Aaron Rodgers (7688563),Ezekiel Elliott (7688617),Mark Ingram (7688632),Jordy Nelson (7688761),Demaryius Thomas (7688788),DeVante Parker (7688696),Antonio Gates (7688866),Charcandrick West (7688607),Chiefs  (7689189)
Carson Wentz (7688528),Ezekiel Elliott (7688617),Le'Veon Bell (7688621),Ty Montgomery (7688766),Jordan Matthews (7688683),DeVante Parker (7688696),Antonio Gates (7688866),Devontae Booker (7688669),Chiefs  (7689189)
Andrew Luck (7688565),Ezekiel Elliott (7688617),Mark Ingram (7688632),T.Y. Hilton (7688763),Emmanuel Sanders (7688786),Jordan Matthews (7688683),Eric Ebron (7688801),Charcandrick West (7688607),Cowboys  (7689192)
Ryan Tannehill (7688531),Mark Ingram (7688632),Charcandrick West (7688607),Antonio Brown (7688730),T.Y. Hilton (7688763),Jarvis Landry (7688694),Antonio Gates (7688866),Tavon Austin (7688753),Vikings  (7689184)
Andrew Luck (7688565),Le'Veon Bell (7688621),Theo Riddick (7688580),T.Y. Hilton (7688763),Ty Montgomery (7688766),Jordan Matthews (7688683),Delanie Walker (7688865),Darren Sproles (7688586),Eagles  (7689186)
Andrew Luck (7688565),Le'Veon Bell (7688621),Mark Ingram (7688632),T.Y. Hilton (7688763),Jarvis Landry (7688694),Donte Moncrief (7688767),Dennis Pitta (7688835),Darren Sproles (7688586),Rams  (7689197)
Ben Roethlisberger (7688548),Theo Riddick (7688580),Mark Ingram (7688632),Antonio Brown (7688730),T.Y. Hilton (7688763),Ty Montgomery (7688766),Dennis Pitta (7688835),Darren Sproles (7688586),Chiefs  (7689189)
Aaron Rodgers (7688563),Le'Veon Bell (7688621),Duke Johnson Jr. (7688615),T.Y. Hilton (7688763),Ty Montgomery (7688766),Tyrell Williams (7688783),Dennis Pitta (7688835),DeVante Parker (7688696),Chiefs  (7689189)
Andrew Luck (7688565),Devontae Booker (7688669),Theo Riddick (7688580),T.Y. Hilton (7688763),Jarvis Landry (7688694),DeVante Parker (7688696),Delanie Walker (7688865),Tavon Austin (7688753),Chiefs  (7689189)
Andrew Luck (7688565),Devontae Booker (7688669),Darren Sproles (7688586),Jordy Nelson (7688761),T.Y. Hilton (7688763),Emmanuel Sanders (7688786),Eric Ebron (7688801),Ty Montgomery (7688766),Rams  (7689197)
Andrew Luck (7688565),Matt Forte (7688594),Latavius Murray (7688662),T.Y. Hilton (7688763),Emmanuel Sanders (7688786),Ty Montgomery (7688766),Dennis Pitta (7688835),Donte Moncrief (7688767),Chiefs  (7689189)
Andrew Luck (7688565),Duke Johnson Jr. (7688615),Darren Sproles (7688586),Antonio Brown (7688730),Jordy Nelson (7688761),T.Y. Hilton (7688763),Dennis Pitta (7688835),Tavon Austin (7688753),Eagles  (7689186)
Aaron Rodgers (7688563),Matt Forte (7688594),Darren Sproles (7688586),T.Y. Hilton (7688763),Jarvis Landry (7688694),Ty Montgomery (7688766),Dennis Pitta (7688835),Tavon Austin (7688753),Chargers  (7689202)
Aaron Rodgers (7688563),Devontae Booker (7688669),Terrance West (7688623),T.Y. Hilton (7688763),Jarvis Landry (7688694),Ty Montgomery (7688766),Eric Ebron (7688801),Latavius Murray (7688662),Chiefs  (7689189)
Andrew Luck (7688565),Terrance West (7688623),DuJuan Harris (7688630),Antonio Brown (7688730),T.Y. Hilton (7688763),Jarvis Landry (7688694),Dennis Pitta (7688835),Golden Tate (7688673),Chiefs  (7689189)
Andrew Luck (7688565),Devontae Booker (7688669),Duke Johnson Jr. (7688615),T.Y. Hilton (7688763),Demaryius Thomas (7688788),Ty Montgomery (7688766),Delanie Walker (7688865),Donte Moncrief (7688767),Dolphins  (7689187)
Ryan Tannehill (7688531),Devontae Booker (7688669),Latavius Murray (7688662),Antonio Brown (7688730),T.Y. Hilton (7688763),Ty Montgomery (7688766),Dennis Pitta (7688835),DeVante Parker (7688696),Eagles  (7689186)
Drew Brees (7688552),Devontae Booker (7688669),Darren Sproles (7688586),T.Y. Hilton (7688763),Willie Snead (7688742),Ty Montgomery (7688766),Delanie Walker (7688865),Golden Tate (7688673),Chiefs  (7689189)
Andrew Luck (7688565),Theo Riddick (7688580),Duke Johnson Jr. (7688615),Antonio Brown (7688730),Jarvis Landry (7688694),Ty Montgomery (7688766),Eric Ebron (7688801),Donte Moncrief (7688767),Chiefs  (7689189)
Andrew Luck (7688565),Latavius Murray (7688662),DuJuan Harris (7688630),Jordy Nelson (7688761),T.Y. Hilton (7688763),Jarvis Landry (7688694),Delanie Walker (7688865),Ty Montgomery (7688766),Cowboys  (7689192)
Andrew Luck (7688565),Devontae Booker (7688669),Terrance West (7688623),Antonio Brown (7688730),Ty Montgomery (7688766),Donte Moncrief (7688767),Dennis Pitta (7688835),Darren Sproles (7688586),Vikings  (7689184)
Andrew Luck (7688565),Devontae Booker (7688669),Terrance West (7688623),T.Y. Hilton (7688763),Ty Montgomery (7688766),DeVante Parker (7688696),Greg Olsen (7688849),Golden Tate (7688673),Chargers  (7689202)
Andrew Luck (7688565),Matt Forte (7688594),Theo Riddick (7688580),T.Y. Hilton (7688763),Jarvis Landry (7688694),Ty Montgomery (7688766),Kyle Rudolph (7688799),Golden Tate (7688673),Rams  (7689197)
Andrew Luck (7688565),Latavius Murray (7688662),Darren Sproles (7688586),Antonio Brown (7688730),T.Y. Hilton (7688763),Jarvis Landry (7688694),Eric Ebron (7688801),Jordan Matthews (7688683),Chargers  (7689202)
Andrew Luck (7688565),Matt Forte (7688594),Terrance West (7688623),T.Y. Hilton (7688763),Davante Adams (7688768),Ty Montgomery (7688766),Delanie Walker (7688865),Tavon Austin (7688753),Vikings  (7689184)
Ben Roethlisberger (7688548),Devontae Booker (7688669),Darren Sproles (7688586),Antonio Brown (7688730),Jarvis Landry (7688694),Ty Montgomery (7688766),Delanie Walker (7688865),Tavon Austin (7688753),Rams  (7689197)
Aaron Rodgers (7688563),Devontae Booker (7688669),Darren Sproles (7688586),T.Y. Hilton (7688763),Demaryius Thomas (7688788),Ty Montgomery (7688766),Jason Witten (7688827),DeVante Parker (7688696),Vikings  (7689184)
Drew Brees (7688552),Theo Riddick (7688580),Terrance West (7688623),T.Y. Hilton (7688763),Jarvis Landry (7688694),Willie Snead (7688742),Dennis Pitta (7688835),Ty Montgomery (7688766),Eagles  (7689186)
Philip Rivers (7688569),Matt Forte (7688594),Devontae Booker (7688669),T.Y. Hilton (7688763),Demaryius Thomas (7688788),Ty Montgomery (7688766),Dennis Pitta (7688835),Tyrell Williams (7688783),Rams  (7689197)
Aaron Rodgers (7688563),Theo Riddick (7688580),DuJuan Harris (7688630),Antonio Brown (7688730),T.Y. Hilton (7688763),Ty Montgomery (7688766),Delanie Walker (7688865),Golden Tate (7688673),Raiders  (7689204)
Aaron Rodgers (7688563),Matt Forte (7688594),Theo Riddick (7688580),T.Y. Hilton (7688763),Emmanuel Sanders (7688786),Ty Montgomery (7688766),Eric Ebron (7688801),DeVante Parker (7688696),Eagles  (7689186)
Andrew Luck (7688565),Matt Forte (7688594),Darren Sproles (7688586),Antonio Brown (7688730),T.Y. Hilton (7688763),Ty Montgomery (7688766),Jason Witten (7688827),Kamar Aiken (7688729),Cowboys  (7689192)
Andrew Luck (7688565),Latavius Murray (7688662),Darren Sproles (7688586),Odell Beckham Jr. (7688685),T.Y. Hilton (7688763),Ty Montgomery (7688766),Greg Olsen (7688849),Tavon Austin (7688753),Raiders  (7689204)
Andrew Luck (7688565),Theo Riddick (7688580),Terrance West (7688623),Odell Beckham Jr. (7688685),T.Y. Hilton (7688763),Ty Montgomery (7688766),Eric Ebron (7688801),Tyrell Williams (7688783),Cowboys  (7689192)
Ben Roethlisberger (7688548),Terrance West (7688623),Duke Johnson Jr. (7688615),Antonio Brown (7688730),T.Y. Hilton (7688763),Demaryius Thomas (7688788),Eric Ebron (7688801),Ty Montgomery (7688766),Eagles  (7689186)
Andrew Luck (7688565),Matt Forte (7688594),Theo Riddick (7688580),Jordy Nelson (7688761),T.Y. Hilton (7688763),Demaryius Thomas (7688788),Eric Ebron (7688801),Tavon Austin (7688753),Chargers  (7689202)
Andrew Luck (7688565),Melvin Gordon (7688657),Todd Gurley (7688643),T.Y. Hilton (7688763),Jarvis Landry (7688694),Ty Montgomery (7688766),Eric Ebron (7688801),DeVante Parker (7688696),Raiders  (7689204)
Andrew Luck (7688565),Frank Gore (7688645),Duke Johnson Jr. (7688615),T.Y. Hilton (7688763),Jarvis Landry (7688694),Ty Montgomery (7688766),Greg Olsen (7688849),Tyrell Williams (7688783),Eagles  (7689186)
Aaron Rodgers (7688563),Duke Johnson Jr. (7688615),Latavius Murray (7688662),T.Y. Hilton (7688763),Emmanuel Sanders (7688786),Ty Montgomery (7688766),Delanie Walker (7688865),Jordan Matthews (7688683),Vikings  (7689184)
Andrew Luck (7688565),Todd Gurley (7688643),Latavius Murray (7688662),Antonio Brown (7688730),T.Y. Hilton (7688763),Golden Tate (7688673),Delanie Walker (7688865),Tavon Austin (7688753),Dolphins  (7689187)
Ryan Tannehill (7688531),Matt Forte (7688594),Bobby Rainey (7688588),Antonio Brown (7688730),T.Y. Hilton (7688763),Jarvis Landry (7688694),Eric Ebron (7688801),Ty Montgomery (7688766),Saints  (7689195)
Andrew Luck (7688565),Theo Riddick (7688580),Bobby Rainey (7688588),Antonio Brown (7688730),T.Y. Hilton (7688763),Ty Montgomery (7688766),Greg Olsen (7688849),Anquan Boldin (7688670),Dolphins  (7689187)
Matthew Stafford (7688522),Matt Forte (7688594),Duke Johnson Jr. (7688615),Jordy Nelson (7688761),T.Y. Hilton (7688763),Ty Montgomery (7688766),Delanie Walker (7688865),Golden Tate (7688673),Eagles  (7689186)
Drew Brees (7688552),Theo Riddick (7688580),Latavius Murray (7688662),Antonio Brown (7688730),T.Y. Hilton (7688763),Ty Montgomery (7688766),Eric Ebron (7688801),Michael Thomas (7688746),Rams  (7689197)
Aaron Rodgers (7688563),Matt Forte (7688594),Latavius Murray (7688662),Antonio Brown (7688730),Ty Montgomery (7688766),DeVante Parker (7688696),Delanie Walker (7688865),Tavon Austin (7688753),Cowboys  (7689192)
Andrew Luck (7688565),Duke Johnson Jr. (7688615),Bobby Rainey (7688588),Antonio Brown (7688730),T.Y. Hilton (7688763),Jarvis Landry (7688694),Delanie Walker (7688865),Torrey Smith (7688737),Vikings  (7689184)
Andrew Luck (7688565),Matt Forte (7688594),Terrance West (7688623),T.Y. Hilton (7688763),Jarvis Landry (7688694),Donte Moncrief (7688767),Jason Witten (7688827),DeVante Parker (7688696),Eagles  (7689186)
Aaron Rodgers (7688563),Frank Gore (7688645),Duke Johnson Jr. (7688615),Antonio Brown (7688730),T.Y. Hilton (7688763),Ty Montgomery (7688766),Kyle Rudolph (7688799),Tavon Austin (7688753),Dolphins  (7689187)
Andrew Luck (7688565),Terrance West (7688623),Duke Johnson Jr. (7688615),Jordy Nelson (7688761),T.Y. Hilton (7688763),Allen Robinson (7688711),Jason Witten (7688827),Ty Montgomery (7688766),Jets  (7689188)
Andrew Luck (7688565),Duke Johnson Jr. (7688615),DuJuan Harris (7688630),Odell Beckham Jr. (7688685),T.Y. Hilton (7688763),Ty Montgomery (7688766),Travis Kelce (7688819),DeVante Parker (7688696),Vikings  (7689184)
Andrew Luck (7688565),Terrance West (7688623),Isaiah Crowell (7688613),Antonio Brown (7688730),T.Y. Hilton (7688763),Ty Montgomery (7688766),Kyle Rudolph (7688799),Jordan Matthews (7688683),Raiders  (7689204)
Aaron Rodgers (7688563),Melvin Gordon (7688657),DuJuan Harris (7688630),T.Y. Hilton (7688763),Demaryius Thomas (7688788),Ty Montgomery (7688766),Greg Olsen (7688849),Tavon Austin (7688753),Eagles  (7689186)
Ben Roethlisberger (7688548),Matt Forte (7688594),Latavius Murray (7688662),Antonio Brown (7688730),T.Y. Hilton (7688763),Ty Montgomery (7688766),Lance Kendricks (7688851),Golden Tate (7688673),Chargers  (7689202)
Aaron Rodgers (7688563),Todd Gurley (7688643),Duke Johnson Jr. (7688615),T.Y. Hilton (7688763),Jarvis Landry (7688694),Ty Montgomery (7688766),Jason Witten (7688827),Donte Moncrief (7688767),Rams  (7689197)
Andrew Luck (7688565),Bilal Powell (7688595),Jerick McKinnon (7688583),Antonio Brown (7688730),T.Y. Hilton (7688763),Demaryius Thomas (7688788),Lance Kendricks (7688851),Ty Montgomery (7688766),Vikings  (7689184)
Andrew Luck (7688565),Todd Gurley (7688643),Latavius Murray (7688662),T.Y. Hilton (7688763),Allen Robinson (7688711),Demaryius Thomas (7688788),Kyle Rudolph (7688799),Ty Montgomery (7688766),Eagles  (7689186)
Andrew Luck (7688565),Melvin Gordon (7688657),Latavius Murray (7688662),T.Y. Hilton (7688763),Jarvis Landry (7688694),Emmanuel Sanders (7688786),Jason Witten (7688827),Tavon Austin (7688753),Vikings  (7689184)
Andrew Luck (7688565),Terrance West (7688623),Jerick McKinnon (7688583),T.Y. Hilton (7688763),Jarvis Landry (7688694),Demaryius Thomas (7688788),Greg Olsen (7688849),Tavon Austin (7688753),Cowboys  (7689192)
Ryan Tannehill (7688531),Terrance West (7688623),DuJuan Harris (7688630),T.Y. Hilton (7688763),Jarvis Landry (7688694),Ty Montgomery (7688766),Greg Olsen (7688849),Donte Moncrief (7688767),Vikings  (7689184)
Andrew Luck (7688565),Matt Forte (7688594),Duke Johnson Jr. (7688615),Antonio Brown (7688730),T.Y. Hilton (7688763),DeVante Parker (7688696),Gary Barnidge (7688828),Golden Tate (7688673),Raiders  (7689204)
Drew Brees (7688552),Matt Forte (7688594),Latavius Murray (7688662),T.Y. Hilton (7688763),Brandin Cooks (7688744),Ty Montgomery (7688766),Jason Witten (7688827),Tavon Austin (7688753),Eagles  (7689186)
Andrew Luck (7688565),Terrance West (7688623),Bilal Powell (7688595),T.Y. Hilton (7688763),Jarvis Landry (7688694),Emmanuel Sanders (7688786),Travis Kelce (7688819),Ty Montgomery (7688766),Saints  (7689195)
Ben Roethlisberger (7688548),Jerick McKinnon (7688583),DuJuan Harris (7688630),Antonio Brown (7688730),T.Y. Hilton (7688763),Jarvis Landry (7688694),Jason Witten (7688827),Ty Montgomery (7688766),Dolphins  (7689187)
Andrew Luck (7688565),Terrance West (7688623),Bobby Rainey (7688588),Antonio Brown (7688730),Odell Beckham Jr. (7688685),T.Y. Hilton (7688763),Jason Witten (7688827),Tavon Austin (7688753),Rams  (7689197)
Andrew Luck (7688565),Melvin Gordon (7688657),Bobby Rainey (7688588),Jordy Nelson (7688761),T.Y. Hilton (7688763),Ty Montgomery (7688766),Kyle Rudolph (7688799),Donte Moncrief (7688767),Chargers  (7689202)
Andrew Luck (7688565),Frank Gore (7688645),DuJuan Harris (7688630),Antonio Brown (7688730),Demaryius Thomas (7688788),Ty Montgomery (7688766),Greg Olsen (7688849),Donte Moncrief (7688767),Chargers  (7689202)
Aaron Rodgers (7688563),Todd Gurley (7688643),DuJuan Harris (7688630),Antonio Brown (7688730),Jarvis Landry (7688694),Ty Montgomery (7688766),Coby Fleener (7688843),Tavon Austin (7688753),Vikings  (7689184)
Andrew Luck (7688565),Melvin Gordon (7688657),Todd Gurley (7688643),Antonio Brown (7688730),Ty Montgomery (7688766),Donte Moncrief (7688767),Jason Witten (7688827),Golden Tate (7688673),Saints  (7689195)
Aaron Rodgers (7688563),Frank Gore (7688645),DuJuan Harris (7688630),Jordy Nelson (7688761),Jarvis Landry (7688694),Ty Montgomery (7688766),Greg Olsen (7688849),Golden Tate (7688673),Dolphins  (7689187)
Andrew Luck (7688565),Todd Gurley (7688643),Frank Gore (7688645),Jarvis Landry (7688694),Emmanuel Sanders (7688786),Ty Montgomery (7688766),Kyle Rudolph (7688799),Donte Moncrief (7688767),Vikings  (7689184)
Andrew Luck (7688565),Melvin Gordon (7688657),Isaiah Crowell (7688613),Jarvis Landry (7688694),Ty Montgomery (7688766),Donte Moncrief (7688767),Greg Olsen (7688849),Tavon Austin (7688753),Dolphins  (7689187)
Ben Roethlisberger (7688548),Melvin Gordon (7688657),Bobby Rainey (7688588),Antonio Brown (7688730),Ty Montgomery (7688766),DeVante Parker (7688696),Greg Olsen (7688849),Tavon Austin (7688753),Vikings  (7689184)
Aaron Rodgers (7688563),Jerick McKinnon (7688583),Bobby Rainey (7688588),Antonio Brown (7688730),Jarvis Landry (7688694),Demaryius Thomas (7688788),Kyle Rudolph (7688799),Ty Montgomery (7688766),Cowboys  (7689192)
Philip Rivers (7688569),Bilal Powell (7688595),DuJuan Harris (7688630),Antonio Brown (7688730),Jarvis Landry (7688694),Ty Montgomery (7688766),Greg Olsen (7688849),Tyrell Williams (7688783),Cowboys  (7689192)
Andrew Luck (7688565),Melvin Gordon (7688657),DuJuan Harris (7688630),Antonio Brown (7688730),Jarvis Landry (7688694),Donte Moncrief (7688767),Kyle Rudolph (7688799),DeVante Parker (7688696),Cowboys  (7689192)
Andrew Luck (7688565),Rashad Jennings (7688587),Bobby Rainey (7688588),Antonio Brown (7688730),Jordy Nelson (7688761),Jarvis Landry (7688694),Jason Witten (7688827),Donte Moncrief (7688767),Dolphins  (7689187)
Andrew Luck (7688565),Todd Gurley (7688643),DuJuan Harris (7688630),Antonio Brown (7688730),Jordy Nelson (7688761),Donte Moncrief (7688767),Travis Kelce (7688819),Tavon Austin (7688753),Rams  (7689197)
Andrew Luck (7688565),Jerick McKinnon (7688583),Rashad Jennings (7688587),Antonio Brown (7688730),Emmanuel Sanders (7688786),Donte Moncrief (7688767),Greg Olsen (7688849),Tavon Austin (7688753),Vikings  (7689184)
Aaron Rodgers (7688563),Isaiah Crowell (7688613),DuJuan Harris (7688630),Antonio Brown (7688730),Jordy Nelson (7688761),Jarvis Landry (7688694),Jason Witten (7688827),DeVante Parker (7688696),Chargers  (7689202)
Andrew Luck (7688565),Bilal Powell (7688595),T.J. Yeldon (7688606),Antonio Brown (7688730),Jarvis Landry (7688694),Donte Moncrief (7688767),Greg Olsen (7688849),Golden Tate (7688673),Raiders  (7689204)
Ryan Tannehill (7688531),Todd Gurley (7688643),Frank Gore (7688645),Antonio Brown (7688730),Jarvis Landry (7688694),Golden Tate (7688673),Greg Olsen (7688849),Tavon Austin (7688753),Chargers  (7689202)
Aaron Rodgers (7688563),Melvin Gordon (7688657),Bobby Rainey (7688588),Antonio Brown (7688730),Jordy Nelson (7688761),Golden Tate (7688673),Jason Witten (7688827),Tavon Austin (7688753),Cowboys  (7689192)
Andrew Luck (7688565),DeMarco Murray (7688653),Frank Gore (7688645),Antonio Brown (7688730),Jarvis Landry (7688694),Donte Moncrief (7688767),Lance Kendricks (7688851),Tavon Austin (7688753),Saints  (7689195)
Philip Rivers (7688569),Melvin Gordon (7688657),Todd Gurley (7688643),Antonio Brown (7688730),Jarvis Landry (7688694),Tyrell Williams (7688783),Jason Witten (7688827),Tavon Austin (7688753),Rams  (7689197)
Aaron Rodgers (7688563),Frank Gore (7688645),Jerick McKinnon (7688583),Antonio Brown (7688730),Jordy Nelson (7688761),Jarvis Landry (7688694),Julius Thomas (7688821),Tavon Austin (7688753),Rams  (7689197)
Andrew Luck (7688565),Todd Gurley (7688643),Jerick McKinnon (7688583),Antonio Brown (7688730),Demaryius Thomas (7688788),Donte Moncrief (7688767),Kyle Rudolph (7688799),Jordan Matthews (7688683),Dolphins  (7689187)
Andrew Luck (7688565),Melvin Gordon (7688657),Frank Gore (7688645),Jordy Nelson (7688761),Jarvis Landry (7688694),Demaryius Thomas (7688788),Coby Fleener (7688843),Donte Moncrief (7688767),Rams  (7689197)
Ben Roethlisberger (7688548),Melvin Gordon (7688657),Isaiah Crowell (7688613),Antonio Brown (7688730),Jarvis Landry (7688694),Demaryius Thomas (7688788),Kyle Rudolph (7688799),Tavon Austin (7688753),Chargers  (7689202)
Andrew Luck (7688565),Todd Gurley (7688643),Bilal Powell (7688595),Odell Beckham Jr. (7688685),Jarvis Landry (7688694),Donte Moncrief (7688767),Jason Witten (7688827),Tavon Austin (7688753),Cowboys  (7689192)
Andrew Luck (7688565),Todd Gurley (7688643),Bobby Rainey (7688588),Antonio Brown (7688730),Odell Beckham Jr. (7688685),Donte Moncrief (7688767),Julius Thomas (7688821),DeVante Parker (7688696),Chargers  (7689202)
Aaron Rodgers (7688563),Melvin Gordon (7688657),Todd Gurley (7688643),Jordy Nelson (7688761),Jarvis Landry (7688694),DeVante Parker (7688696),Lance Kendricks (7688851),Tavon Austin (7688753),Dolphins  (7689187)
Ben Roethlisberger (7688548),Todd Gurley (7688643),Frank Gore (7688645),Antonio Brown (7688730),Jordy Nelson (7688761),DeVante Parker (7688696),Kyle Rudolph (7688799),Tavon Austin (7688753),Cowboys  (7689192)
Andrew Luck (7688565),Jerick McKinnon (7688583),Isaiah Crowell (7688613),Antonio Brown (7688730),Jarvis Landry (7688694),Donte Moncrief (7688767),Travis Kelce (7688819),Tyrell Williams (7688783),Chargers  (7689202)
Andrew Luck (7688565),Melvin Gordon (7688657),Bobby Rainey (7688588),Antonio Brown (7688730),Emmanuel Sanders (7688786),Demaryius Thomas (7688788),Gary Barnidge (7688828),Donte Moncrief (7688767),Jets  (7689188)
Andrew Luck (7688565),Frank Gore (7688645),Isaiah Crowell (7688613),Antonio Brown (7688730),Jordy Nelson (7688761),Donte Moncrief (7688767),Kyle Rudolph (7688799),Golden Tate (7688673),Jets  (7689188)
Ben Roethlisberger (7688548),Melvin Gordon (7688657),Frank Gore (7688645),Antonio Brown (7688730),Jarvis Landry (7688694),DeVante Parker (7688696),Gary Barnidge (7688828),Golden Tate (7688673),Dolphins  (7689187)
Philip Rivers (7688569),Frank Gore (7688645),Bobby Rainey (7688588),Antonio Brown (7688730),Jordy Nelson (7688761),Jarvis Landry (7688694),Kyle Rudolph (7688799),Tyrell Williams (7688783),Chargers  (7689202)
Andrew Luck (7688565),DeMarco Murray (7688653),Jerick McKinnon (7688583),Jordy Nelson (7688761),Jarvis Landry (7688694),Donte Moncrief (7688767),Dwayne Allen (7688859),Golden Tate (7688673),Cowboys  (7689192)
Aaron Rodgers (7688563),Bilal Powell (7688595),Rashad Jennings (7688587),Antonio Brown (7688730),Jordy Nelson (7688761),Emmanuel Sanders (7688786),Kyle Rudolph (7688799),Tavon Austin (7688753),Chargers  (7689202)
Aaron Rodgers (7688563),Bilal Powell (7688595),Bobby Rainey (7688588),Antonio Brown (7688730),Jordy Nelson (7688761),Jarvis Landry (7688694),Lance Kendricks (7688851),Jordan Matthews (7688683),Raiders  (7689204)
Andrew Luck (7688565),Frank Gore (7688645),Matt Asiata (7688578),Antonio Brown (7688730),Emmanuel Sanders (7688786),Donte Moncrief (7688767),Travis Kelce (7688819),DeVante Parker (7688696),Dolphins  (7689187)
Drew Brees (7688552),Frank Gore (7688645),Isaiah Crowell (7688613),Antonio Brown (7688730),Jarvis Landry (7688694),Willie Snead (7688742),Travis Kelce (7688819),Tavon Austin (7688753),Dolphins  (7689187)
Ben Roethlisberger (7688548),Jerick McKinnon (7688583),Bobby Rainey (7688588),Antonio Brown (7688730),Jordy Nelson (7688761),Jarvis Landry (7688694),Travis Kelce (7688819),DeVante Parker (7688696),Saints  (7689195)
Aaron Rodgers (7688563),Rashad Jennings (7688587),T.J. Yeldon (7688606),Antonio Brown (7688730),Jordy Nelson (7688761),Jarvis Landry (7688694),Gary Barnidge (7688828),Golden Tate (7688673),Saints  (7689195)
Andrew Luck (7688565),Jonathan Stewart (7688638),Bilal Powell (7688595),Antonio Brown (7688730),Jordy Nelson (7688761),Demaryius Thomas (7688788),Julius Thomas (7688821),Donte Moncrief (7688767),Saints  (7689195)
Drew Brees (7688552),Bilal Powell (7688595),Jerick McKinnon (7688583),Antonio Brown (7688730),Brandin Cooks (7688744),Jarvis Landry (7688694),Kyle Rudolph (7688799),Tavon Austin (7688753),Raiders  (7689204)
Aaron Rodgers (7688563),Jerick McKinnon (7688583),Isaiah Crowell (7688613),Antonio Brown (7688730),Jordy Nelson (7688761),Emmanuel Sanders (7688786),Lance Kendricks (7688851),Demaryius Thomas (7688788),Saints  (7689195)
Andrew Luck (7688565),Matt Asiata (7688578),Isaiah Crowell (7688613),Odell Beckham Jr. (7688685),Jordy Nelson (7688761),Jarvis Landry (7688694),Lance Kendricks (7688851),Donte Moncrief (7688767),Raiders  (7689204)
Aaron Rodgers (7688563),Isaiah Crowell (7688613),T.J. Yeldon (7688606),Antonio Brown (7688730),Jordy Nelson (7688761),Jordan Matthews (7688683),Travis Kelce (7688819),Tavon Austin (7688753),Jets  (7689188)
Andrew Luck (7688565),DeMarco Murray (7688653),Bobby Rainey (7688588),Jarvis Landry (7688694),Allen Robinson (7688711),Donte Moncrief (7688767),Travis Kelce (7688819),DeVante Parker (7688696),Raiders  (7689204)
Andrew Luck (7688565),Rashad Jennings (7688587),Isaiah Crowell (7688613),Antonio Brown (7688730),Odell Beckham Jr. (7688685),Donte Moncrief (7688767),Gary Barnidge (7688828),Jordan Matthews (7688683),Saints  (7689195)
Andrew Luck (7688565),DeMarco Murray (7688653),Isaiah Crowell (7688613),Antonio Brown (7688730),Demaryius Thomas (7688788),Donte Moncrief (7688767),Dwayne Allen (7688859),DeVante Parker (7688696),Giants  (7689185)
Ben Roethlisberger (7688548),Jerick McKinnon (7688583),Isaiah Crowell (7688613),Antonio Brown (7688730),Odell Beckham Jr. (7688685),Jarvis Landry (7688694),Julius Thomas (7688821),Golden Tate (7688673),Raiders  (7689204)
Aaron Rodgers (7688563),Matt Asiata (7688578),Jerick McKinnon (7688583),Antonio Brown (7688730),Jordy Nelson (7688761),Donte Moncrief (7688767),Gary Barnidge (7688828),DeVante Parker (7688696),Raiders  (7689204)
Ben Roethlisberger (7688548),Jonathan Stewart (7688638),Rashad Jennings (7688587),Antonio Brown (7688730),Jordy Nelson (7688761),Jarvis Landry (7688694),Coby Fleener (7688843),Tavon Austin (7688753),Raiders  (7689204)
Aaron Rodgers (7688563),Matt Asiata (7688578),Bilal Powell (7688595),Antonio Brown (7688730),Jarvis Landry (7688694),Davante Adams (7688768),Travis Kelce (7688819),Tavon Austin (7688753),Saints  (7689195)
Aaron Rodgers (7688563),Bilal Powell (7688595),Jerick McKinnon (7688583),Jordy Nelson (7688761),Jarvis Landry (7688694),Demaryius Thomas (7688788),Travis Kelce (7688819),Golden Tate (7688673),Giants  (7689185)
Andrew Luck (7688565),Jonathan Stewart (7688638),T.J. Yeldon (7688606),Antonio Brown (7688730),Odell Beckham Jr. (7688685),Donte Moncrief (7688767),Coby Fleener (7688843),Tavon Austin (7688753),Jets  (7689188)
Aaron Rodgers (7688563),Jonathan Stewart (7688638),Isaiah Crowell (7688613),Odell Beckham Jr. (7688685),Jordy Nelson (7688761),Jarvis Landry (7688694),Dwayne Allen (7688859),Tavon Austin (7688753),Saints  (7689195)
Andrew Luck (7688565),DeMarco Murray (7688653),Bilal Powell (7688595),Jordy Nelson (7688761),Allen Robinson (7688711),Donte Moncrief (7688767),Gary Barnidge (7688828),Tavon Austin (7688753),Jets  (7689188)
Andrew Luck (7688565),Tim Hightower (7688627),T.J. Yeldon (7688606),Odell Beckham Jr. (7688685),Jarvis Landry (7688694),Demaryius Thomas (7688788),Travis Kelce (7688819),Donte Moncrief (7688767),Saints  (7689195)
Aaron Rodgers (7688563),DeMarco Murray (7688653),Isaiah Crowell (7688613),Jordy Nelson (7688761),Jarvis Landry (7688694),Tyrell Williams (7688783),Coby Fleener (7688843),Golden Tate (7688673),Raiders  (7689204)
Aaron Rodgers (7688563),Matt Asiata (7688578),Rashad Jennings (7688587),Jordy Nelson (7688761),Jarvis Landry (7688694),Emmanuel Sanders (7688786),Travis Kelce (7688819),DeVante Parker (7688696),Packers  (7689199)
Aaron Rodgers (7688563),DeMarco Murray (7688653),T.J. Yeldon (7688606),Jordy Nelson (7688761),Jarvis Landry (7688694),Demaryius Thomas (7688788),Dwayne Allen (7688859),DeVante Parker (7688696),Jaguars  (7689190)
Drew Brees (7688552),DeMarco Murray (7688653),T.J. Yeldon (7688606),Jordy Nelson (7688761),Jarvis Landry (7688694),Willie Snead (7688742),Gary Barnidge (7688828),Tavon Austin (7688753),Raiders  (7689204)
Aaron Rodgers (7688563),DeMarco Murray (7688653),Matt Asiata (7688578),Jordy Nelson (7688761),Emmanuel Sanders (7688786),Demaryius Thomas (7688788),Julius Thomas (7688821),Tavon Austin (7688753),Jets  (7689188)
Aaron Rodgers (7688563),Bilal Powell (7688595),Rashad Jennings (7688587),Odell Beckham Jr. (7688685),Jordy Nelson (7688761),Demaryius Thomas (7688788),Lance Kendricks (7688851),Donte Moncrief (7688767),Jets  (7689188)
Aaron Rodgers (7688563),DeMarco Murray (7688653),Rashad Jennings (7688587),Jordy Nelson (7688761),Jarvis Landry (7688694),Donte Moncrief (7688767),Virgil Green (7688873),Tavon Austin (7688753),Giants  (7689185)
Ryan Tannehill (7688531),DeMarco Murray (7688653),Bilal Powell (7688595),Jordy Nelson (7688761),Jarvis Landry (7688694),DeVante Parker (7688696),Travis Kelce (7688819),Tavon Austin (7688753),Ravens  (7689194)
