QB,RB,RB,WR,WR,WR,TE,FLEX,DST
Andrew Luck (7688565),Ezekiel Elliott (7688617),Mark Ingram (7688632),T.Y. Hilton (7688763),Willie Snead (7688742),Ty Montgomery (7688766),Antonio Gates (7688866),Charcandrick West (7688607),Chiefs  (7689189)
Andrew Luck (7688565),Ezekiel Elliott (7688617),Devontae Booker (7688669),T.Y. Hilton (7688763),Ty Montgomery (7688766),Breshad Perriman (7688736),Antonio Gates (7688866),Charcandrick West (7688607),Vikings  (7689184)
Andrew Luck (7688565),Ezekiel Elliott (7688617),Devontae Booker (7688669),T.Y. Hilton (7688763),Ty Montgomery (7688766),Anquan Boldin (7688670),Antonio Gates (7688866),Theo Riddick (7688580),Chiefs  (7689189)
Andrew Luck (7688565),Ezekiel Elliott (7688617),Devontae Booker (7688669),T.Y. Hilton (7688763),Ty Montgomery (7688766),Corey Coleman (7688722),Eric Ebron (7688801),Charcandrick West (7688607),Chiefs  (7689189)
Andrew Luck (7688565),Ezekiel Elliott (7688617),Charcandrick West (7688607),T.Y. Hilton (7688763),Dez Bryant (7688715),Ty Montgomery (7688766),Antonio Gates (7688866),Latavius Murray (7688662),Eagles  (7689186)
Andrew Luck (7688565),Ezekiel Elliott (7688617),Devontae Booker (7688669),T.Y. Hilton (7688763),Ty Montgomery (7688766),Corey Coleman (7688722),Antonio Gates (7688866),Mark Ingram (7688632),Eagles  (7689186)
Andrew Luck (7688565),Ezekiel Elliott (7688617),Matt Forte (7688594),T.Y. Hilton (7688763),Ty Montgomery (7688766),Anquan Boldin (7688670),Antonio Gates (7688866),Charcandrick West (7688607),Cowboys  (7689192)
Ryan Tannehill (7688531),Ezekiel Elliott (7688617),Devontae Booker (7688669),Jarvis Landry (7688694),Ty Montgomery (7688766),Donte Moncrief (7688767),Antonio Gates (7688866),Charcandrick West (7688607),Chiefs  (7689189)
Andrew Luck (7688565),Ezekiel Elliott (7688617),Theo Riddick (7688580),T.Y. Hilton (7688763),Willie Snead (7688742),Ty Montgomery (7688766),Eric Ebron (7688801),Charcandrick West (7688607),Eagles  (7689186)
Ben Roethlisberger (7688548),Ezekiel Elliott (7688617),Mark Ingram (7688632),Antonio Brown (7688730),Ty Montgomery (7688766),Donte Moncrief (7688767),Antonio Gates (7688866),Charcandrick West (7688607),Rams  (7689197)
Andrew Luck (7688565),Ezekiel Elliott (7688617),Devontae Booker (7688669),T.Y. Hilton (7688763),Willie Snead (7688742),Ty Montgomery (7688766),Antonio Gates (7688866),Latavius Murray (7688662),Rams  (7689197)
Andrew Luck (7688565),Ezekiel Elliott (7688617),Mark Ingram (7688632),T.Y. Hilton (7688763),Dez Bryant (7688715),Ty Montgomery (7688766),Eric Ebron (7688801),Charcandrick West (7688607),Saints  (7689195)
Ben Roethlisberger (7688548),Ezekiel Elliott (7688617),Devontae Booker (7688669),Antonio Brown (7688730),Ty Montgomery (7688766),Breshad Perriman (7688736),Antonio Gates (7688866),Charcandrick West (7688607),Chiefs  (7689189)
Andrew Luck (7688565),Ezekiel Elliott (7688617),Matt Forte (7688594),T.Y. Hilton (7688763),Ty Montgomery (7688766),Anquan Boldin (7688670),Eric Ebron (7688801),Mark Ingram (7688632),Chiefs  (7689189)
Andrew Luck (7688565),Ezekiel Elliott (7688617),Matt Forte (7688594),T.Y. Hilton (7688763),Ty Montgomery (7688766),Dorial Green-Beckham (7688686),Antonio Gates (7688866),Mark Ingram (7688632),Vikings  (7689184)
Andrew Luck (7688565),Devontae Booker (7688669),Mark Ingram (7688632),T.Y. Hilton (7688763),Dez Bryant (7688715),Ty Montgomery (7688766),Antonio Gates (7688866),Charcandrick West (7688607),Cowboys  (7689192)
Andrew Luck (7688565),Matt Forte (7688594),Devontae Booker (7688669),T.Y. Hilton (7688763),Willie Snead (7688742),Ty Montgomery (7688766),Antonio Gates (7688866),Charcandrick West (7688607),Eagles  (7689186)
Andrew Luck (7688565),Ezekiel Elliott (7688617),Theo Riddick (7688580),T.Y. Hilton (7688763),Willie Snead (7688742),Ty Montgomery (7688766),Antonio Gates (7688866),Terrance West (7688623),Cowboys  (7689192)
Andrew Luck (7688565),Ezekiel Elliott (7688617),Devontae Booker (7688669),T.Y. Hilton (7688763),Ty Montgomery (7688766),Torrey Smith (7688737),Lance Kendricks (7688851),Mark Ingram (7688632),Chiefs  (7689189)
Andrew Luck (7688565),Matt Forte (7688594),Theo Riddick (7688580),T.Y. Hilton (7688763),Dez Bryant (7688715),Ty Montgomery (7688766),Antonio Gates (7688866),Charcandrick West (7688607),Chiefs  (7689189)
Andrew Luck (7688565),Ezekiel Elliott (7688617),Matt Forte (7688594),T.Y. Hilton (7688763),Ty Montgomery (7688766),Breshad Perriman (7688736),Antonio Gates (7688866),Terrance West (7688623),Chiefs  (7689189)
Drew Brees (7688552),Ezekiel Elliott (7688617),Theo Riddick (7688580),Brandin Cooks (7688744),Ty Montgomery (7688766),Donte Moncrief (7688767),Antonio Gates (7688866),Charcandrick West (7688607),Chiefs  (7689189)
Ben Roethlisberger (7688548),Ezekiel Elliott (7688617),Le'Veon Bell (7688621),Willie Snead (7688742),Ty Montgomery (7688766),Donte Moncrief (7688767),Antonio Gates (7688866),Charcandrick West (7688607),Chargers  (7689202)
Andrew Luck (7688565),Ezekiel Elliott (7688617),Devontae Booker (7688669),T.Y. Hilton (7688763),Dez Bryant (7688715),Dorial Green-Beckham (7688686),Antonio Gates (7688866),Charcandrick West (7688607),Chiefs  (7689189)
Andrew Luck (7688565),Ezekiel Elliott (7688617),Mark Ingram (7688632),T.Y. Hilton (7688763),Dez Bryant (7688715),Ty Montgomery (7688766),Antonio Gates (7688866),Anquan Boldin (7688670),Dolphins  (7689187)
Eli Manning (7688524),Ezekiel Elliott (7688617),Mark Ingram (7688632),Odell Beckham Jr. (7688685),Ty Montgomery (7688766),Donte Moncrief (7688767),Antonio Gates (7688866),Charcandrick West (7688607),Chiefs  (7689189)
Andrew Luck (7688565),Ezekiel Elliott (7688617),Matt Forte (7688594),T.Y. Hilton (7688763),Ty Montgomery (7688766),Seth Roberts (7688794),Antonio Gates (7688866),Devontae Booker (7688669),Chargers  (7689202)
Andrew Luck (7688565),Ezekiel Elliott (7688617),Devontae Booker (7688669),T.Y. Hilton (7688763),Ty Montgomery (7688766),Breshad Perriman (7688736),Eric Ebron (7688801),Mark Ingram (7688632),Cowboys  (7689192)
Andrew Luck (7688565),Ezekiel Elliott (7688617),Theo Riddick (7688580),T.Y. Hilton (7688763),Ty Montgomery (7688766),Corey Coleman (7688722),Antonio Gates (7688866),Charcandrick West (7688607),Dolphins  (7689187)
Andrew Luck (7688565),Ezekiel Elliott (7688617),Matt Forte (7688594),T.Y. Hilton (7688763),Ty Montgomery (7688766),Torrey Smith (7688737),Zach Ertz (7688807),Charcandrick West (7688607),Chiefs  (7689189)
Andrew Luck (7688565),Ezekiel Elliott (7688617),Devontae Booker (7688669),T.Y. Hilton (7688763),Ty Montgomery (7688766),Torrey Smith (7688737),Julius Thomas (7688821),Charcandrick West (7688607),Eagles  (7689186)
Andrew Luck (7688565),Ezekiel Elliott (7688617),Devontae Booker (7688669),T.Y. Hilton (7688763),Willie Snead (7688742),Anquan Boldin (7688670),Antonio Gates (7688866),Charcandrick West (7688607),Dolphins  (7689187)
Andrew Luck (7688565),Ezekiel Elliott (7688617),Theo Riddick (7688580),T.Y. Hilton (7688763),Dez Bryant (7688715),Willie Snead (7688742),Antonio Gates (7688866),Charcandrick West (7688607),Saints  (7689195)
Andrew Luck (7688565),Devontae Booker (7688669),Mark Ingram (7688632),T.Y. Hilton (7688763),Dez Bryant (7688715),Willie Snead (7688742),Eric Ebron (7688801),Charcandrick West (7688607),Chiefs  (7689189)
Ben Roethlisberger (7688548),Devontae Booker (7688669),Mark Ingram (7688632),Antonio Brown (7688730),Willie Snead (7688742),Donte Moncrief (7688767),Antonio Gates (7688866),Charcandrick West (7688607),Chiefs  (7689189)
Andrew Luck (7688565),Devontae Booker (7688669),Terrance West (7688623),T.Y. Hilton (7688763),Dez Bryant (7688715),Willie Snead (7688742),Antonio Gates (7688866),Charcandrick West (7688607),Vikings  (7689184)
Andrew Luck (7688565),Matt Forte (7688594),Devontae Booker (7688669),T.Y. Hilton (7688763),Dez Bryant (7688715),Anquan Boldin (7688670),Antonio Gates (7688866),Mark Ingram (7688632),Chiefs  (7689189)
Aaron Rodgers (7688563),Devontae Booker (7688669),Mark Ingram (7688632),Jordy Nelson (7688761),Willie Snead (7688742),Donte Moncrief (7688767),Antonio Gates (7688866),Charcandrick West (7688607),Vikings  (7689184)
Aaron Rodgers (7688563),Theo Riddick (7688580),Mark Ingram (7688632),Jordy Nelson (7688761),Dez Bryant (7688715),Donte Moncrief (7688767),Antonio Gates (7688866),Charcandrick West (7688607),Chiefs  (7689189)
Aaron Rodgers (7688563),Devontae Booker (7688669),Theo Riddick (7688580),Jordy Nelson (7688761),Willie Snead (7688742),Donte Moncrief (7688767),Eric Ebron (7688801),Charcandrick West (7688607),Chiefs  (7689189)
Ben Roethlisberger (7688548),Theo Riddick (7688580),Mark Ingram (7688632),Antonio Brown (7688730),Dez Bryant (7688715),Donte Moncrief (7688767),Eric Ebron (7688801),Charcandrick West (7688607),Chiefs  (7689189)
Aaron Rodgers (7688563),Devontae Booker (7688669),Mark Ingram (7688632),Jordy Nelson (7688761),Dez Bryant (7688715),Donte Moncrief (7688767),Eric Ebron (7688801),Charcandrick West (7688607),Rams  (7689197)
Ben Roethlisberger (7688548),Matt Forte (7688594),Devontae Booker (7688669),Antonio Brown (7688730),Donte Moncrief (7688767),Anquan Boldin (7688670),Eric Ebron (7688801),Mark Ingram (7688632),Chiefs  (7689189)
Ben Roethlisberger (7688548),Devontae Booker (7688669),Theo Riddick (7688580),Antonio Brown (7688730),Willie Snead (7688742),Donte Moncrief (7688767),Eric Ebron (7688801),Mark Ingram (7688632),Eagles  (7689186)
Aaron Rodgers (7688563),Matt Forte (7688594),Devontae Booker (7688669),Jordy Nelson (7688761),Donte Moncrief (7688767),Breshad Perriman (7688736),Eric Ebron (7688801),Mark Ingram (7688632),Chiefs  (7689189)
Ryan Tannehill (7688531),Matt Forte (7688594),Devontae Booker (7688669),Jarvis Landry (7688694),Willie Snead (7688742),Donte Moncrief (7688767),Eric Ebron (7688801),Mark Ingram (7688632),Chiefs  (7689189)
Ben Roethlisberger (7688548),Le'Veon Bell (7688621),Devontae Booker (7688669),Dez Bryant (7688715),Willie Snead (7688742),Donte Moncrief (7688767),Eric Ebron (7688801),Mark Ingram (7688632),Rams  (7689197)
Aaron Rodgers (7688563),Devontae Booker (7688669),Mark Ingram (7688632),Jordy Nelson (7688761),Willie Snead (7688742),Donte Moncrief (7688767),Eric Ebron (7688801),Terrance West (7688623),Eagles  (7689186)
Aaron Rodgers (7688563),Matt Forte (7688594),Theo Riddick (7688580),Jordy Nelson (7688761),Willie Snead (7688742),Donte Moncrief (7688767),Eric Ebron (7688801),Mark Ingram (7688632),Cowboys  (7689192)
Aaron Rodgers (7688563),Devontae Booker (7688669),Theo Riddick (7688580),Dez Bryant (7688715),Davante Adams (7688768),Donte Moncrief (7688767),Eric Ebron (7688801),Mark Ingram (7688632),Chiefs  (7689189)
Ben Roethlisberger (7688548),Matt Forte (7688594),Theo Riddick (7688580),Antonio Brown (7688730),Willie Snead (7688742),Donte Moncrief (7688767),Eric Ebron (7688801),Terrance West (7688623),Chiefs  (7689189)
Ben Roethlisberger (7688548),Le'Veon Bell (7688621),Matt Forte (7688594),Willie Snead (7688742),Donte Moncrief (7688767),Corey Coleman (7688722),Eric Ebron (7688801),Devontae Booker (7688669),Chiefs  (7689189)
Aaron Rodgers (7688563),Mark Ingram (7688632),Latavius Murray (7688662),Jordy Nelson (7688761),Dez Bryant (7688715),Willie Snead (7688742),Eric Ebron (7688801),Donte Moncrief (7688767),Chiefs  (7689189)
Ben Roethlisberger (7688548),Melvin Gordon (7688657),Mark Ingram (7688632),Antonio Brown (7688730),Willie Snead (7688742),Donte Moncrief (7688767),Eric Ebron (7688801),Latavius Murray (7688662),Chiefs  (7689189)
Ben Roethlisberger (7688548),Le'Veon Bell (7688621),Matt Forte (7688594),Dez Bryant (7688715),Donte Moncrief (7688767),Breshad Perriman (7688736),Eric Ebron (7688801),Mark Ingram (7688632),Chiefs  (7689189)
Ben Roethlisberger (7688548),Matt Forte (7688594),Mark Ingram (7688632),Antonio Brown (7688730),Willie Snead (7688742),Donte Moncrief (7688767),Lance Kendricks (7688851),Darren Sproles (7688586),Chiefs  (7689189)
Ben Roethlisberger (7688548),Le'Veon Bell (7688621),Theo Riddick (7688580),Dez Bryant (7688715),Willie Snead (7688742),Donte Moncrief (7688767),Eric Ebron (7688801),Latavius Murray (7688662),Chiefs  (7689189)
Aaron Rodgers (7688563),Matt Forte (7688594),Theo Riddick (7688580),Jordy Nelson (7688761),Willie Snead (7688742),Donte Moncrief (7688767),Lance Kendricks (7688851),Darren Sproles (7688586),Chiefs  (7689189)
Aaron Rodgers (7688563),Matt Forte (7688594),Terrance West (7688623),Jordy Nelson (7688761),Willie Snead (7688742),Donte Moncrief (7688767),Eric Ebron (7688801),Frank Gore (7688645),Chiefs  (7689189)
Aaron Rodgers (7688563),Matt Forte (7688594),Melvin Gordon (7688657),Davante Adams (7688768),Willie Snead (7688742),Donte Moncrief (7688767),Eric Ebron (7688801),Theo Riddick (7688580),Chiefs  (7689189)
Ben Roethlisberger (7688548),Matt Forte (7688594),Theo Riddick (7688580),Antonio Brown (7688730),Dez Bryant (7688715),Donte Moncrief (7688767),Eric Ebron (7688801),Latavius Murray (7688662),Rams  (7689197)
Ben Roethlisberger (7688548),Le'Veon Bell (7688621),Matt Forte (7688594),Dez Bryant (7688715),Willie Snead (7688742),Anquan Boldin (7688670),Eric Ebron (7688801),Todd Gurley (7688643),Chiefs  (7689189)
Ben Roethlisberger (7688548),Matt Forte (7688594),Todd Gurley (7688643),Antonio Brown (7688730),Dez Bryant (7688715),Breshad Perriman (7688736),Eric Ebron (7688801),Theo Riddick (7688580),Chiefs  (7689189)
Aaron Rodgers (7688563),Matt Forte (7688594),Theo Riddick (7688580),Jordy Nelson (7688761),Dez Bryant (7688715),Breshad Perriman (7688736),Eric Ebron (7688801),Terrance West (7688623),Chiefs  (7689189)
Ryan Tannehill (7688531),Matt Forte (7688594),Todd Gurley (7688643),Dez Bryant (7688715),Jarvis Landry (7688694),Willie Snead (7688742),Eric Ebron (7688801),Theo Riddick (7688580),Chiefs  (7689189)
Ben Roethlisberger (7688548),Matt Forte (7688594),Theo Riddick (7688580),Antonio Brown (7688730),Dez Bryant (7688715),Willie Snead (7688742),Lance Kendricks (7688851),Darren Sproles (7688586),Eagles  (7689186)
Ben Roethlisberger (7688548),Matt Forte (7688594),Theo Riddick (7688580),Antonio Brown (7688730),Dez Bryant (7688715),Torrey Smith (7688737),Lance Kendricks (7688851),Terrance West (7688623),Chiefs  (7689189)
Ben Roethlisberger (7688548),Matt Forte (7688594),Melvin Gordon (7688657),Antonio Brown (7688730),Dez Bryant (7688715),Anquan Boldin (7688670),Lance Kendricks (7688851),Darren Sproles (7688586),Chiefs  (7689189)
Aaron Rodgers (7688563),Matt Forte (7688594),Theo Riddick (7688580),Jordy Nelson (7688761),Dez Bryant (7688715),Torrey Smith (7688737),Lance Kendricks (7688851),Latavius Murray (7688662),Chiefs  (7689189)
Aaron Rodgers (7688563),Matt Forte (7688594),Theo Riddick (7688580),Jordy Nelson (7688761),Dez Bryant (7688715),Anquan Boldin (7688670),Zach Ertz (7688807),Darren Sproles (7688586),Chiefs  (7689189)
Aaron Rodgers (7688563),Melvin Gordon (7688657),Theo Riddick (7688580),Jordy Nelson (7688761),Dez Bryant (7688715),Torrey Smith (7688737),Zach Ertz (7688807),Terrance West (7688623),Chiefs  (7689189)
Ben Roethlisberger (7688548),DeMarco Murray (7688653),Theo Riddick (7688580),Antonio Brown (7688730),Dez Bryant (7688715),Anquan Boldin (7688670),Zach Ertz (7688807),Darren Sproles (7688586),Chiefs  (7689189)
Ben Roethlisberger (7688548),DeMarco Murray (7688653),Melvin Gordon (7688657),Antonio Brown (7688730),Torrey Smith (7688737),Anquan Boldin (7688670),Lance Kendricks (7688851),Theo Riddick (7688580),Chiefs  (7689189)
Aaron Rodgers (7688563),DeMarco Murray (7688653),Melvin Gordon (7688657),Jordy Nelson (7688761),Corey Coleman (7688722),Torrey Smith (7688737),Lance Kendricks (7688851),Theo Riddick (7688580),Chiefs  (7689189)
Aaron Rodgers (7688563),DeMarco Murray (7688653),Todd Gurley (7688643),Jordy Nelson (7688761),Torrey Smith (7688737),Anquan Boldin (7688670),Zach Ertz (7688807),Theo Riddick (7688580),Chiefs  (7689189)
Ben Roethlisberger (7688548),DeMarco Murray (7688653),Melvin Gordon (7688657),Antonio Brown (7688730),Torrey Smith (7688737),Breshad Perriman (7688736),Zach Ertz (7688807),Todd Gurley (7688643),Chiefs  (7689189)
Aaron Rodgers (7688563),DeMarco Murray (7688653),Melvin Gordon (7688657),Jordy Nelson (7688761),Anquan Boldin (7688670),Kamar Aiken (7688729),Lance Kendricks (7688851),Todd Gurley (7688643),Chiefs  (7689189)
Ben Roethlisberger (7688548),DeMarco Murray (7688653),Melvin Gordon (7688657),Antonio Brown (7688730),Corey Coleman (7688722),Kamar Aiken (7688729),Lance Kendricks (7688851),Todd Gurley (7688643),Chiefs  (7689189)
Ben Roethlisberger (7688548),DeMarco Murray (7688653),Melvin Gordon (7688657),Antonio Brown (7688730),Corey Coleman (7688722),Anquan Boldin (7688670),Coby Fleener (7688843),Terrance West (7688623),Chiefs  (7689189)
Ben Roethlisberger (7688548),DeMarco Murray (7688653),Melvin Gordon (7688657),Antonio Brown (7688730),Corey Coleman (7688722),Torrey Smith (7688737),Julius Thomas (7688821),Terrance West (7688623),Vikings  (7689184)
Aaron Rodgers (7688563),DeMarco Murray (7688653),Melvin Gordon (7688657),Jordy Nelson (7688761),Torrey Smith (7688737),Breshad Perriman (7688736),Julius Thomas (7688821),Todd Gurley (7688643),Vikings  (7689184)
Ben Roethlisberger (7688548),DeMarco Murray (7688653),Melvin Gordon (7688657),Antonio Brown (7688730),Torrey Smith (7688737),Anquan Boldin (7688670),Julius Thomas (7688821),Todd Gurley (7688643),Eagles  (7689186)
Aaron Rodgers (7688563),DeMarco Murray (7688653),Melvin Gordon (7688657),Jordy Nelson (7688761),Anquan Boldin (7688670),Breshad Perriman (7688736),Coby Fleener (7688843),Terrance West (7688623),Chiefs  (7689189)
Aaron Rodgers (7688563),DeMarco Murray (7688653),Melvin Gordon (7688657),Jordy Nelson (7688761),Corey Coleman (7688722),Anquan Boldin (7688670),Zach Ertz (7688807),Darren Sproles (7688586),Chiefs  (7689189)
Aaron Rodgers (7688563),DeMarco Murray (7688653),Todd Gurley (7688643),Jordy Nelson (7688761),Torrey Smith (7688737),Breshad Perriman (7688736),Lance Kendricks (7688851),Terrance West (7688623),Chiefs  (7689189)
Ben Roethlisberger (7688548),DeMarco Murray (7688653),Todd Gurley (7688643),Antonio Brown (7688730),Anquan Boldin (7688670),Kamar Aiken (7688729),Zach Ertz (7688807),Terrance West (7688623),Chiefs  (7689189)
Ben Roethlisberger (7688548),DeMarco Murray (7688653),Melvin Gordon (7688657),Antonio Brown (7688730),Kamar Aiken (7688729),Breshad Perriman (7688736),Julius Thomas (7688821),Todd Gurley (7688643),Vikings  (7689184)
Aaron Rodgers (7688563),DeMarco Murray (7688653),Melvin Gordon (7688657),Jordy Nelson (7688761),Torrey Smith (7688737),Breshad Perriman (7688736),Zach Ertz (7688807),Latavius Murray (7688662),Chiefs  (7689189)
Aaron Rodgers (7688563),DeMarco Murray (7688653),Melvin Gordon (7688657),Jordy Nelson (7688761),Torrey Smith (7688737),Anquan Boldin (7688670),Julius Thomas (7688821),Terrance West (7688623),Eagles  (7689186)
Aaron Rodgers (7688563),DeMarco Murray (7688653),Melvin Gordon (7688657),Jordy Nelson (7688761),Corey Coleman (7688722),Breshad Perriman (7688736),Dwayne Allen (7688859),Todd Gurley (7688643),Chiefs  (7689189)
Ben Roethlisberger (7688548),DeMarco Murray (7688653),Todd Gurley (7688643),Antonio Brown (7688730),Anquan Boldin (7688670),Breshad Perriman (7688736),Lance Kendricks (7688851),Darren Sproles (7688586),Chiefs  (7689189)
Aaron Rodgers (7688563),DeMarco Murray (7688653),Melvin Gordon (7688657),Jordy Nelson (7688761),Corey Coleman (7688722),Kamar Aiken (7688729),Julius Thomas (7688821),Terrance West (7688623),Vikings  (7689184)
Aaron Rodgers (7688563),DeMarco Murray (7688653),Todd Gurley (7688643),Jordy Nelson (7688761),Corey Coleman (7688722),Kamar Aiken (7688729),Zach Ertz (7688807),Terrance West (7688623),Chiefs  (7689189)
Aaron Rodgers (7688563),Melvin Gordon (7688657),Terrance West (7688623),Jordy Nelson (7688761),Torrey Smith (7688737),Anquan Boldin (7688670),Lance Kendricks (7688851),Latavius Murray (7688662),Chiefs  (7689189)
Aaron Rodgers (7688563),Melvin Gordon (7688657),Todd Gurley (7688643),Jordy Nelson (7688761),Corey Coleman (7688722),Torrey Smith (7688737),Lance Kendricks (7688851),Terrance West (7688623),Vikings  (7689184)
Drew Brees (7688552),DeMarco Murray (7688653),Melvin Gordon (7688657),Brandin Cooks (7688744),Torrey Smith (7688737),Anquan Boldin (7688670),Lance Kendricks (7688851),Todd Gurley (7688643),Chiefs  (7689189)
Cam Newton (7688560),DeMarco Murray (7688653),Melvin Gordon (7688657),Corey Coleman (7688722),Torrey Smith (7688737),Anquan Boldin (7688670),Greg Olsen (7688849),Todd Gurley (7688643),Chiefs  (7689189)
Drew Brees (7688552),DeMarco Murray (7688653),Melvin Gordon (7688657),Brandin Cooks (7688744),Corey Coleman (7688722),Torrey Smith (7688737),Zach Ertz (7688807),Terrance West (7688623),Chiefs  (7689189)
Ryan Tannehill (7688531),DeMarco Murray (7688653),Melvin Gordon (7688657),Jarvis Landry (7688694),Torrey Smith (7688737),Anquan Boldin (7688670),Zach Ertz (7688807),Todd Gurley (7688643),Chiefs  (7689189)
Drew Brees (7688552),DeMarco Murray (7688653),Melvin Gordon (7688657),Brandin Cooks (7688744),Torrey Smith (7688737),Breshad Perriman (7688736),Julius Thomas (7688821),Terrance West (7688623),Vikings  (7689184)
Drew Brees (7688552),DeMarco Murray (7688653),Melvin Gordon (7688657),Brandin Cooks (7688744),Kamar Aiken (7688729),Breshad Perriman (7688736),Zach Ertz (7688807),Todd Gurley (7688643),Chiefs  (7689189)
Drew Brees (7688552),DeMarco Murray (7688653),Melvin Gordon (7688657),Brandin Cooks (7688744),Corey Coleman (7688722),Kamar Aiken (7688729),Julius Thomas (7688821),Todd Gurley (7688643),Vikings  (7689184)
Ryan Tannehill (7688531),DeMarco Murray (7688653),Melvin Gordon (7688657),Jarvis Landry (7688694),Corey Coleman (7688722),Torrey Smith (7688737),Lance Kendricks (7688851),Terrance West (7688623),Chiefs  (7689189)
Drew Brees (7688552),Todd Gurley (7688643),Terrance West (7688623),Brandin Cooks (7688744),Torrey Smith (7688737),Anquan Boldin (7688670),Zach Ertz (7688807),Latavius Murray (7688662),Chiefs  (7689189)
Drew Brees (7688552),Todd Gurley (7688643),Terrance West (7688623),Brandin Cooks (7688744),Corey Coleman (7688722),Anquan Boldin (7688670),Lance Kendricks (7688851),Darren Sproles (7688586),Chiefs  (7689189)
Cam Newton (7688560),Todd Gurley (7688643),Terrance West (7688623),Torrey Smith (7688737),Anquan Boldin (7688670),Breshad Perriman (7688736),Greg Olsen (7688849),Latavius Murray (7688662),Chiefs  (7689189)
Drew Brees (7688552),Todd Gurley (7688643),Terrance West (7688623),Brandin Cooks (7688744),Corey Coleman (7688722),Torrey Smith (7688737),Julius Thomas (7688821),Latavius Murray (7688662),Vikings  (7689184)
Ryan Tannehill (7688531),Todd Gurley (7688643),Terrance West (7688623),Jarvis Landry (7688694),Torrey Smith (7688737),Anquan Boldin (7688670),Lance Kendricks (7688851),Latavius Murray (7688662),Chiefs  (7689189)
Drew Brees (7688552),Todd Gurley (7688643),Terrance West (7688623),Brandin Cooks (7688744),Torrey Smith (7688737),Breshad Perriman (7688736),Lance Kendricks (7688851),Frank Gore (7688645),Chiefs  (7689189)
Ryan Tannehill (7688531),Todd Gurley (7688643),Terrance West (7688623),Jarvis Landry (7688694),Corey Coleman (7688722),Anquan Boldin (7688670),Zach Ertz (7688807),Darren Sproles (7688586),Chiefs  (7689189)
Drew Brees (7688552),Todd Gurley (7688643),Latavius Murray (7688662),Brandin Cooks (7688744),Corey Coleman (7688722),Breshad Perriman (7688736),Zach Ertz (7688807),Darren Sproles (7688586),Chiefs  (7689189)
Drew Brees (7688552),Jay Ajayi (7688596),Todd Gurley (7688643),Brandin Cooks (7688744),Corey Coleman (7688722),Torrey Smith (7688737),Lance Kendricks (7688851),Latavius Murray (7688662),Chiefs  (7689189)
Drew Brees (7688552),Terrance West (7688623),Latavius Murray (7688662),Brandin Cooks (7688744),Corey Coleman (7688722),Breshad Perriman (7688736),Lance Kendricks (7688851),Darren Sproles (7688586),Vikings  (7689184)
Drew Brees (7688552),Jay Ajayi (7688596),Frank Gore (7688645),Brandin Cooks (7688744),Corey Coleman (7688722),Breshad Perriman (7688736),Lance Kendricks (7688851),Darren Sproles (7688586),Chiefs  (7689189)
Ryan Tannehill (7688531),Frank Gore (7688645),Latavius Murray (7688662),Jarvis Landry (7688694),Corey Coleman (7688722),Breshad Perriman (7688736),Lance Kendricks (7688851),Darren Sproles (7688586),Chiefs  (7689189)
Drew Brees (7688552),Jonathan Stewart (7688638),Duke Johnson Jr. (7688615),Brandin Cooks (7688744),Corey Coleman (7688722),Breshad Perriman (7688736),Lance Kendricks (7688851),Latavius Murray (7688662),Chiefs  (7689189)
Drew Brees (7688552),Jay Ajayi (7688596),Frank Gore (7688645),Brandin Cooks (7688744),Corey Coleman (7688722),Kamar Aiken (7688729),Zach Ertz (7688807),Latavius Murray (7688662),Chiefs  (7689189)
Drew Brees (7688552),Frank Gore (7688645),Duke Johnson Jr. (7688615),Brandin Cooks (7688744),Corey Coleman (7688722),Breshad Perriman (7688736),Julius Thomas (7688821),Latavius Murray (7688662),Vikings  (7689184)
Drew Brees (7688552),Jay Ajayi (7688596),Jonathan Stewart (7688638),Brandin Cooks (7688744),Corey Coleman (7688722),Breshad Perriman (7688736),Julius Thomas (7688821),Darren Sproles (7688586),Vikings  (7689184)
Cam Newton (7688560),Frank Gore (7688645),Latavius Murray (7688662),Corey Coleman (7688722),Breshad Perriman (7688736),Dorial Green-Beckham (7688686),Greg Olsen (7688849),Darren Sproles (7688586),Chiefs  (7689189)
Drew Brees (7688552),Frank Gore (7688645),Jerick McKinnon (7688583),Brandin Cooks (7688744),Kamar Aiken (7688729),Breshad Perriman (7688736),Lance Kendricks (7688851),Latavius Murray (7688662),Chiefs  (7689189)
Drew Brees (7688552),Bilal Powell (7688595),Latavius Murray (7688662),Brandin Cooks (7688744),Ted Ginn Jr. (7688749),Breshad Perriman (7688736),Lance Kendricks (7688851),Darren Sproles (7688586),Chiefs  (7689189)
Drew Brees (7688552),Frank Gore (7688645),Latavius Murray (7688662),Brandin Cooks (7688744),Sammie Coates (7688733),Dorial Green-Beckham (7688686),Lance Kendricks (7688851),Darren Sproles (7688586),Chiefs  (7689189)
Drew Brees (7688552),Jay Ajayi (7688596),Latavius Murray (7688662),Brandin Cooks (7688744),Sammie Coates (7688733),Ted Ginn Jr. (7688749),Zach Ertz (7688807),Darren Sproles (7688586),Chiefs  (7689189)
Drew Brees (7688552),Jay Ajayi (7688596),Jonathan Stewart (7688638),Brandin Cooks (7688744),Kamar Aiken (7688729),Dorial Green-Beckham (7688686),Lance Kendricks (7688851),Latavius Murray (7688662),Chiefs  (7689189)
Drew Brees (7688552),Frank Gore (7688645),Latavius Murray (7688662),Brandin Cooks (7688744),Ted Ginn Jr. (7688749),Dorial Green-Beckham (7688686),Julius Thomas (7688821),Darren Sproles (7688586),Vikings  (7689184)
Drew Brees (7688552),Jay Ajayi (7688596),Frank Gore (7688645),Brandin Cooks (7688744),Ted Ginn Jr. (7688749),Kamar Aiken (7688729),Lance Kendricks (7688851),Latavius Murray (7688662),Vikings  (7689184)
Drew Brees (7688552),Jonathan Stewart (7688638),Frank Gore (7688645),Brandin Cooks (7688744),Sammie Coates (7688733),Kamar Aiken (7688729),Julius Thomas (7688821),Latavius Murray (7688662),Vikings  (7689184)
Drew Brees (7688552),Frank Gore (7688645),Duke Johnson Jr. (7688615),Brandin Cooks (7688744),Ted Ginn Jr. (7688749),Dorial Green-Beckham (7688686),Zach Ertz (7688807),Latavius Murray (7688662),Chiefs  (7689189)
Drew Brees (7688552),Jonathan Stewart (7688638),Frank Gore (7688645),Brandin Cooks (7688744),Kamar Aiken (7688729),Dorial Green-Beckham (7688686),Zach Ertz (7688807),Jerick McKinnon (7688583),Chiefs  (7689189)
Drew Brees (7688552),Jonathan Stewart (7688638),Frank Gore (7688645),Brandin Cooks (7688744),Ted Ginn Jr. (7688749),Seth Roberts (7688794),Zach Ertz (7688807),Darren Sproles (7688586),Chiefs  (7689189)
Drew Brees (7688552),Jay Ajayi (7688596),Frank Gore (7688645),Brandin Cooks (7688744),Ted Ginn Jr. (7688749),Dorial Green-Beckham (7688686),Virgil Green (7688873),Darren Sproles (7688586),Chiefs  (7689189)
Ryan Tannehill (7688531),Jonathan Stewart (7688638),Frank Gore (7688645),Jarvis Landry (7688694),Sammie Coates (7688733),Ted Ginn Jr. (7688749),Zach Ertz (7688807),Darren Sproles (7688586),Chiefs  (7689189)
Ryan Tannehill (7688531),Jonathan Stewart (7688638),Frank Gore (7688645),Jarvis Landry (7688694),Ted Ginn Jr. (7688749),Dorial Green-Beckham (7688686),Julius Thomas (7688821),Darren Sproles (7688586),Vikings  (7689184)
Eli Manning (7688524),Jay Ajayi (7688596),Frank Gore (7688645),Odell Beckham Jr. (7688685),Sammie Coates (7688733),Ted Ginn Jr. (7688749),Zach Ertz (7688807),Darren Sproles (7688586),Chiefs  (7689189)
Eli Manning (7688524),Jay Ajayi (7688596),Jonathan Stewart (7688638),Odell Beckham Jr. (7688685),Kamar Aiken (7688729),Dorial Green-Beckham (7688686),Zach Ertz (7688807),Frank Gore (7688645),Chiefs  (7689189)
Eli Manning (7688524),Jay Ajayi (7688596),Frank Gore (7688645),Odell Beckham Jr. (7688685),Ted Ginn Jr. (7688749),Dorial Green-Beckham (7688686),Julius Thomas (7688821),Darren Sproles (7688586),Vikings  (7689184)
Ryan Tannehill (7688531),Jonathan Stewart (7688638),Frank Gore (7688645),Jarvis Landry (7688694),Kamar Aiken (7688729),Dorial Green-Beckham (7688686),Zach Ertz (7688807),Bilal Powell (7688595),Chiefs  (7689189)
Cam Newton (7688560),Jay Ajayi (7688596),Frank Gore (7688645),Sammie Coates (7688733),Kamar Aiken (7688729),Dorial Green-Beckham (7688686),Greg Olsen (7688849),Jerick McKinnon (7688583),Chiefs  (7689189)
Eli Manning (7688524),Jay Ajayi (7688596),Jonathan Stewart (7688638),Odell Beckham Jr. (7688685),Sammie Coates (7688733),Kamar Aiken (7688729),Julius Thomas (7688821),Frank Gore (7688645),Vikings  (7689184)
Ryan Tannehill (7688531),Frank Gore (7688645),Jerick McKinnon (7688583),Jarvis Landry (7688694),Ted Ginn Jr. (7688749),Dorial Green-Beckham (7688686),Zach Ertz (7688807),Duke Johnson Jr. (7688615),Chiefs  (7689189)
Ryan Tannehill (7688531),Jonathan Stewart (7688638),Frank Gore (7688645),Jarvis Landry (7688694),Sammie Coates (7688733),Kamar Aiken (7688729),Julius Thomas (7688821),Jerick McKinnon (7688583),Vikings  (7689184)
Ryan Tannehill (7688531),Frank Gore (7688645),Jerick McKinnon (7688583),Jarvis Landry (7688694),Sammie Coates (7688733),Kamar Aiken (7688729),Zach Ertz (7688807),Isaiah Crowell (7688613),Chiefs  (7689189)
Ryan Tannehill (7688531),Frank Gore (7688645),Bilal Powell (7688595),Jarvis Landry (7688694),Ted Ginn Jr. (7688749),Dorial Green-Beckham (7688686),Virgil Green (7688873),Darren Sproles (7688586),Chiefs  (7689189)
Eli Manning (7688524),Jonathan Stewart (7688638),Frank Gore (7688645),Odell Beckham Jr. (7688685),Ted Ginn Jr. (7688749),Dorial Green-Beckham (7688686),Virgil Green (7688873),Darren Sproles (7688586),Chiefs  (7689189)
Ryan Tannehill (7688531),Jonathan Stewart (7688638),Frank Gore (7688645),Jarvis Landry (7688694),Ted Ginn Jr. (7688749),Kamar Aiken (7688729),Zach Ertz (7688807),Isaiah Crowell (7688613),Vikings  (7689184)
Ryan Tannehill (7688531),Bilal Powell (7688595),Jerick McKinnon (7688583),Jarvis Landry (7688694),Sammie Coates (7688733),Ted Ginn Jr. (7688749),Julius Thomas (7688821),Darren Sproles (7688586),Vikings  (7689184)
Eli Manning (7688524),Jonathan Stewart (7688638),Jerick McKinnon (7688583),Odell Beckham Jr. (7688685),Sammie Coates (7688733),Dorial Green-Beckham (7688686),Julius Thomas (7688821),Darren Sproles (7688586),Vikings  (7689184)
Eli Manning (7688524),Jay Ajayi (7688596),Bilal Powell (7688595),Odell Beckham Jr. (7688685),Ted Ginn Jr. (7688749),Kamar Aiken (7688729),Zach Ertz (7688807),Jerick McKinnon (7688583),Chiefs  (7689189)
Ryan Tannehill (7688531),Jonathan Stewart (7688638),Matt Asiata (7688578),Jarvis Landry (7688694),Ted Ginn Jr. (7688749),Kamar Aiken (7688729),Zach Ertz (7688807),Jerick McKinnon (7688583),Chiefs  (7689189)
