QB,RB,RB,WR,WR,WR,TE,FLEX,DST
Ben Roethlisberger (7451562),David Johnson (7451579),Melvin Gordon (7451671),Antonio Brown (7451829),Allen Hurns (7451744),Marquise Goodwin (7451698),Hunter Henry (7451935),Charles Sims (7451643),Panthers  (7452341)
Ben Roethlisberger (7451562),David Johnson (7451579),Todd Gurley (7451645),Antonio Brown (7451829),Rishard Matthews (7451708),Marquise Goodwin (7451698),Zach Miller (7451943),Christine Michael (7451650),Seahawks  (7452345)
Ben Roethlisberger (7451562),David Johnson (7451579),Todd Gurley (7451645),Antonio Brown (7451829),Phillip Dorsett (7451824),Robert Woods (7451700),Cameron Brate (7451911),Melvin Gordon (7451671),Redskins  (7452331)
Russell Wilson (7451548),David Johnson (7451579),Todd Gurley (7451645),Doug Baldwin (7451798),Allen Hurns (7451744),Marquise Goodwin (7451698),Eric Ebron (7451886),Melvin Gordon (7451671),Seahawks  (7452345)
Ben Roethlisberger (7451562),David Johnson (7451579),LeSean McCoy (7451575),Antonio Brown (7451829),Phillip Dorsett (7451824),Rishard Matthews (7451708),Jimmy Graham (7451915),Charles Sims (7451643),Chiefs  (7452346)
Ben Roethlisberger (7451562),Matt Forte (7451656),Ezekiel Elliott (7451690),Antonio Brown (7451829),Robert Woods (7451700),Marquise Goodwin (7451698),Jimmy Graham (7451915),Melvin Gordon (7451671),Seahawks  (7452345)
Ben Roethlisberger (7451562),Matt Forte (7451656),Melvin Gordon (7451671),Antonio Brown (7451829),Phillip Dorsett (7451824),Rishard Matthews (7451708),Eric Ebron (7451886),Christine Michael (7451650),Panthers  (7452341)
Russell Wilson (7451548),David Johnson (7451579),Matt Forte (7451656),Doug Baldwin (7451798),Allen Hurns (7451744),Phillip Dorsett (7451824),Zach Miller (7451943),Charles Sims (7451643),Panthers  (7452341)
Aaron Rodgers (7451525),David Johnson (7451579),Todd Gurley (7451645),Jordy Nelson (7451751),Phillip Dorsett (7451824),Marquise Goodwin (7451698),Zach Miller (7451943),Melvin Gordon (7451671),Panthers  (7452341)
Ben Roethlisberger (7451562),C.J. Anderson (7451627),Todd Gurley (7451645),Antonio Brown (7451829),Robert Woods (7451700),Marquise Goodwin (7451698),Eric Ebron (7451886),Charles Sims (7451643),Chiefs  (7452346)
Ben Roethlisberger (7451562),David Johnson (7451579),Matt Forte (7451656),Antonio Brown (7451829),Jermaine Kearse (7451800),Robert Woods (7451700),Zach Miller (7451943),Charles Sims (7451643),Packers  (7452337)
Ben Roethlisberger (7451562),C.J. Anderson (7451627),LeSean McCoy (7451575),Antonio Brown (7451829),Phillip Dorsett (7451824),Marquise Goodwin (7451698),Zach Miller (7451943),Melvin Gordon (7451671),Packers  (7452337)
Ben Roethlisberger (7451562),David Johnson (7451579),C.J. Anderson (7451627),Antonio Brown (7451829),Robert Woods (7451700),Andrew Hawkins (7451726),Jimmy Graham (7451915),Christine Michael (7451650),Panthers  (7452341)
Andrew Luck (7451561),David Johnson (7451579),Todd Gurley (7451645),T.Y. Hilton (7451821),Allen Hurns (7451744),Marquise Goodwin (7451698),Jimmy Graham (7451915),Christine Michael (7451650),Panthers  (7452341)
Ben Roethlisberger (7451562),David Johnson (7451579),Matt Forte (7451656),Antonio Brown (7451829),Phillip Dorsett (7451824),Marquise Goodwin (7451698),Clive Walford (7451860),Theo Riddick (7451618),Giants  (7452330)
Ben Roethlisberger (7451562),Matt Forte (7451656),LeSean McCoy (7451575),Antonio Brown (7451829),Allen Hurns (7451744),Marquise Goodwin (7451698),Gary Barnidge (7451869),Christine Michael (7451650),Redskins  (7452331)
Ben Roethlisberger (7451562),Ezekiel Elliott (7451690),Christine Michael (7451650),Antonio Brown (7451829),Allen Hurns (7451744),Phillip Dorsett (7451824),Cameron Brate (7451911),Charles Sims (7451643),Seahawks  (7452345)
Ben Roethlisberger (7451562),Todd Gurley (7451645),Melvin Gordon (7451671),Antonio Brown (7451829),Allen Hurns (7451744),Kenny Stills (7451729),Jimmy Graham (7451915),Christine Michael (7451650),Chiefs  (7452346)
Russell Wilson (7451548),David Johnson (7451579),C.J. Anderson (7451627),Doug Baldwin (7451798),Rishard Matthews (7451708),Robert Woods (7451700),Gary Barnidge (7451869),Todd Gurley (7451645),Panthers  (7452341)
Ben Roethlisberger (7451562),David Johnson (7451579),Ezekiel Elliott (7451690),Antonio Brown (7451829),Jermaine Kearse (7451800),Marquise Goodwin (7451698),Cameron Brate (7451911),LeSean McCoy (7451575),Steelers  (7452351)
Aaron Rodgers (7451525),David Johnson (7451579),Matt Forte (7451656),Jordy Nelson (7451751),Allen Hurns (7451744),Marquise Goodwin (7451698),Jimmy Graham (7451915),Charles Sims (7451643),Seahawks  (7452345)
Ben Roethlisberger (7451562),Todd Gurley (7451645),Melvin Gordon (7451671),Antonio Brown (7451829),Mike Wallace (7451741),Rishard Matthews (7451708),Gary Barnidge (7451869),Charles Sims (7451643),Packers  (7452337)
Ben Roethlisberger (7451562),David Johnson (7451579),Matt Forte (7451656),Antonio Brown (7451829),Rishard Matthews (7451708),Andrew Hawkins (7451726),Hunter Henry (7451935),Ezekiel Elliott (7451690),Redskins  (7452331)
Andrew Luck (7451561),David Johnson (7451579),Matt Forte (7451656),T.Y. Hilton (7451821),Rishard Matthews (7451708),Marquise Goodwin (7451698),Gary Barnidge (7451869),Melvin Gordon (7451671),Seahawks  (7452345)
Ben Roethlisberger (7451562),David Johnson (7451579),Melvin Gordon (7451671),Antonio Brown (7451829),Dontrelle Inman (7451819),Jermaine Kearse (7451800),Gary Barnidge (7451869),Christine Michael (7451650),Giants  (7452330)
Ben Roethlisberger (7451562),Todd Gurley (7451645),Ezekiel Elliott (7451690),Antonio Brown (7451829),Phillip Dorsett (7451824),Marquise Goodwin (7451698),Gary Barnidge (7451869),Justin Forsett (7451607),Panthers  (7452341)
Ryan Tannehill (7451517),David Johnson (7451579),C.J. Anderson (7451627),Jarvis Landry (7451730),Allen Hurns (7451744),Phillip Dorsett (7451824),Jimmy Graham (7451915),Melvin Gordon (7451671),Panthers  (7452341)
Ryan Tannehill (7451517),David Johnson (7451579),Todd Gurley (7451645),Jarvis Landry (7451730),Phillip Dorsett (7451824),Marquise Goodwin (7451698),Hunter Henry (7451935),Matt Forte (7451656),Seahawks  (7452345)
Ben Roethlisberger (7451562),David Johnson (7451579),Christine Michael (7451650),Antonio Brown (7451829),Mike Wallace (7451741),Pierre Garcon (7451717),Eric Ebron (7451886),Charles Sims (7451643),Redskins  (7452331)
Russell Wilson (7451548),David Johnson (7451579),C.J. Anderson (7451627),Doug Baldwin (7451798),Phillip Dorsett (7451824),Marquise Goodwin (7451698),Hunter Henry (7451935),Ezekiel Elliott (7451690),Chiefs  (7452346)
Ben Roethlisberger (7451562),David Johnson (7451579),C.J. Anderson (7451627),Antonio Brown (7451829),Allen Hurns (7451744),Rishard Matthews (7451708),Cameron Brate (7451911),Jerick McKinnon (7451637),Packers  (7452337)
Ben Roethlisberger (7451562),Todd Gurley (7451645),Matt Forte (7451656),Antonio Brown (7451829),Phillip Dorsett (7451824),Kenny Stills (7451729),Hunter Henry (7451935),Charles Sims (7451643),Broncos  (7452339)
Ben Roethlisberger (7451562),Todd Gurley (7451645),LeSean McCoy (7451575),Antonio Brown (7451829),Allen Hurns (7451744),Andrew Hawkins (7451726),Zach Miller (7451943),Charles Sims (7451643),Giants  (7452330)
Ben Roethlisberger (7451562),David Johnson (7451579),Theo Riddick (7451618),Antonio Brown (7451829),Allen Hurns (7451744),Robert Woods (7451700),Eric Ebron (7451886),Justin Forsett (7451607),Seahawks  (7452345)
Russell Wilson (7451548),David Johnson (7451579),Matt Forte (7451656),Doug Baldwin (7451798),Rishard Matthews (7451708),Marquise Goodwin (7451698),Julius Thomas (7451878),LeSean McCoy (7451575),Redskins  (7452331)
Ben Roethlisberger (7451562),C.J. Anderson (7451627),Ezekiel Elliott (7451690),Antonio Brown (7451829),Pierre Garcon (7451717),Rishard Matthews (7451708),Zach Miller (7451943),Charles Sims (7451643),Panthers  (7452341)
Andrew Luck (7451561),David Johnson (7451579),C.J. Anderson (7451627),T.Y. Hilton (7451821),Allen Hurns (7451744),Robert Woods (7451700),Zach Miller (7451943),Charles Sims (7451643),Seahawks  (7452345)
Ben Roethlisberger (7451562),Todd Gurley (7451645),Melvin Gordon (7451671),Antonio Brown (7451829),Jermaine Kearse (7451800),Marquise Goodwin (7451698),Julius Thomas (7451878),Theo Riddick (7451618),Broncos  (7452339)
Ben Roethlisberger (7451562),David Johnson (7451579),Melvin Gordon (7451671),Antonio Brown (7451829),Mike Wallace (7451741),Eddie Royal (7451838),Zach Miller (7451943),Theo Riddick (7451618),Chiefs  (7452346)
Ben Roethlisberger (7451562),Todd Gurley (7451645),LeSean McCoy (7451575),Antonio Brown (7451829),Rishard Matthews (7451708),Robert Woods (7451700),Hunter Henry (7451935),Theo Riddick (7451618),Panthers  (7452341)
Russell Wilson (7451548),David Johnson (7451579),LeSean McCoy (7451575),Doug Baldwin (7451798),Phillip Dorsett (7451824),Robert Woods (7451700),Jesse James (7451941),Melvin Gordon (7451671),Giants  (7452330)
Ben Roethlisberger (7451562),C.J. Anderson (7451627),Ezekiel Elliott (7451690),Antonio Brown (7451829),Mike Wallace (7451741),Marquise Goodwin (7451698),Hunter Henry (7451935),Christine Michael (7451650),Giants  (7452330)
Aaron Rodgers (7451525),David Johnson (7451579),Todd Gurley (7451645),Jordy Nelson (7451751),Allen Hurns (7451744),Rishard Matthews (7451708),Eric Ebron (7451886),Christine Michael (7451650),Redskins  (7452331)
Ben Roethlisberger (7451562),David Johnson (7451579),Todd Gurley (7451645),Antonio Brown (7451829),Pierre Garcon (7451717),Jermaine Kearse (7451800),Hunter Henry (7451935),Jeremy Langford (7451685),Chiefs  (7452346)
Aaron Rodgers (7451525),David Johnson (7451579),C.J. Anderson (7451627),Jordy Nelson (7451751),Allen Hurns (7451744),Robert Woods (7451700),Hunter Henry (7451935),Melvin Gordon (7451671),Chiefs  (7452346)
Russell Wilson (7451548),Matt Forte (7451656),Ezekiel Elliott (7451690),Doug Baldwin (7451798),Mike Wallace (7451741),Marquise Goodwin (7451698),Gary Barnidge (7451869),Melvin Gordon (7451671),Panthers  (7452341)
Russell Wilson (7451548),Todd Gurley (7451645),Matt Forte (7451656),Doug Baldwin (7451798),Phillip Dorsett (7451824),Rishard Matthews (7451708),Jesse James (7451941),Ezekiel Elliott (7451690),Seahawks  (7452345)
Russell Wilson (7451548),Todd Gurley (7451645),LeSean McCoy (7451575),Doug Baldwin (7451798),Phillip Dorsett (7451824),Marquise Goodwin (7451698),Gary Barnidge (7451869),Charles Sims (7451643),Packers  (7452337)
Ryan Tannehill (7451517),Todd Gurley (7451645),Ezekiel Elliott (7451690),Jarvis Landry (7451730),Allen Hurns (7451744),Marquise Goodwin (7451698),Zach Miller (7451943),Charles Sims (7451643),Panthers  (7452341)
Russell Wilson (7451548),C.J. Anderson (7451627),Todd Gurley (7451645),Doug Baldwin (7451798),Mike Wallace (7451741),Phillip Dorsett (7451824),Zach Miller (7451943),Melvin Gordon (7451671),Redskins  (7452331)
Russell Wilson (7451548),C.J. Anderson (7451627),Matt Forte (7451656),Doug Baldwin (7451798),Allen Hurns (7451744),Robert Woods (7451700),Julius Thomas (7451878),Melvin Gordon (7451671),Packers  (7452337)
Andrew Luck (7451561),Matt Forte (7451656),Ezekiel Elliott (7451690),T.Y. Hilton (7451821),Allen Hurns (7451744),Robert Woods (7451700),Eric Ebron (7451886),Melvin Gordon (7451671),Panthers  (7452341)
Russell Wilson (7451548),Todd Gurley (7451645),Ezekiel Elliott (7451690),Doug Baldwin (7451798),Allen Hurns (7451744),Robert Woods (7451700),Zach Miller (7451943),LeSean McCoy (7451575),Chiefs  (7452346)
Russell Wilson (7451548),C.J. Anderson (7451627),LeSean McCoy (7451575),Doug Baldwin (7451798),Allen Hurns (7451744),Rishard Matthews (7451708),Hunter Henry (7451935),Charles Sims (7451643),Seahawks  (7452345)
Andrew Luck (7451561),Todd Gurley (7451645),Melvin Gordon (7451671),T.Y. Hilton (7451821),Allen Hurns (7451744),Rishard Matthews (7451708),Julius Thomas (7451878),Charles Sims (7451643),Chiefs  (7452346)
Aaron Rodgers (7451525),Ezekiel Elliott (7451690),Melvin Gordon (7451671),Jordy Nelson (7451751),Allen Hurns (7451744),Rishard Matthews (7451708),Gary Barnidge (7451869),Charles Sims (7451643),Panthers  (7452341)
Ryan Tannehill (7451517),Todd Gurley (7451645),Melvin Gordon (7451671),Jarvis Landry (7451730),Allen Hurns (7451744),Rishard Matthews (7451708),Gary Barnidge (7451869),Christine Michael (7451650),Seahawks  (7452345)
Russell Wilson (7451548),C.J. Anderson (7451627),Todd Gurley (7451645),Allen Hurns (7451744),Tyler Lockett (7451805),Marquise Goodwin (7451698),Hunter Henry (7451935),Matt Forte (7451656),Panthers  (7452341)
Aaron Rodgers (7451525),C.J. Anderson (7451627),Todd Gurley (7451645),Jordy Nelson (7451751),Robert Woods (7451700),Marquise Goodwin (7451698),Gary Barnidge (7451869),Christine Michael (7451650),Seahawks  (7452345)
Andrew Luck (7451561),C.J. Anderson (7451627),Todd Gurley (7451645),T.Y. Hilton (7451821),Robert Woods (7451700),Marquise Goodwin (7451698),Hunter Henry (7451935),Melvin Gordon (7451671),Redskins  (7452331)
Andrew Luck (7451561),Todd Gurley (7451645),Ezekiel Elliott (7451690),T.Y. Hilton (7451821),Mike Wallace (7451741),Marquise Goodwin (7451698),Eric Ebron (7451886),Charles Sims (7451643),Seahawks  (7452345)
Aaron Rodgers (7451525),Matt Forte (7451656),LeSean McCoy (7451575),Jordy Nelson (7451751),Phillip Dorsett (7451824),Robert Woods (7451700),Eric Ebron (7451886),Melvin Gordon (7451671),Seahawks  (7452345)
Russell Wilson (7451548),Todd Gurley (7451645),Matt Forte (7451656),Doug Baldwin (7451798),Mike Wallace (7451741),Robert Woods (7451700),Eric Ebron (7451886),Charles Sims (7451643),Giants  (7452330)
Aaron Rodgers (7451525),C.J. Anderson (7451627),Todd Gurley (7451645),Jordy Nelson (7451751),Allen Hurns (7451744),Phillip Dorsett (7451824),Cameron Brate (7451911),Charles Sims (7451643),Packers  (7452337)
Ryan Tannehill (7451517),Matt Forte (7451656),LeSean McCoy (7451575),Jarvis Landry (7451730),Allen Hurns (7451744),Marquise Goodwin (7451698),Eric Ebron (7451886),Melvin Gordon (7451671),Giants  (7452330)
Andrew Luck (7451561),LeSean McCoy (7451575),Melvin Gordon (7451671),T.Y. Hilton (7451821),Jermaine Kearse (7451800),Marquise Goodwin (7451698),Zach Miller (7451943),Charles Sims (7451643),Panthers  (7452341)
Aaron Rodgers (7451525),C.J. Anderson (7451627),Matt Forte (7451656),Jordy Nelson (7451751),Rishard Matthews (7451708),Marquise Goodwin (7451698),Julius Thomas (7451878),Melvin Gordon (7451671),Giants  (7452330)
Russell Wilson (7451548),Matt Forte (7451656),Melvin Gordon (7451671),Phillip Dorsett (7451824),Tyler Lockett (7451805),Marquise Goodwin (7451698),Julius Thomas (7451878),Charles Sims (7451643),Seahawks  (7452345)
Aaron Rodgers (7451525),C.J. Anderson (7451627),Matt Forte (7451656),Jordy Nelson (7451751),Allen Hurns (7451744),Jermaine Kearse (7451800),Zach Miller (7451943),Christine Michael (7451650),Panthers  (7452341)
Ryan Tannehill (7451517),Matt Forte (7451656),Melvin Gordon (7451671),Jarvis Landry (7451730),Rishard Matthews (7451708),Robert Woods (7451700),Julius Thomas (7451878),Charles Sims (7451643),Panthers  (7452341)
Andrew Luck (7451561),C.J. Anderson (7451627),Matt Forte (7451656),T.Y. Hilton (7451821),Allen Hurns (7451744),Rishard Matthews (7451708),Jimmy Graham (7451915),LeSean McCoy (7451575),Redskins  (7452331)
Ryan Tannehill (7451517),C.J. Anderson (7451627),Matt Forte (7451656),Jarvis Landry (7451730),Allen Hurns (7451744),Robert Woods (7451700),Jesse James (7451941),Ezekiel Elliott (7451690),Seahawks  (7452345)
Aaron Rodgers (7451525),Ezekiel Elliott (7451690),LeSean McCoy (7451575),Jordy Nelson (7451751),Allen Hurns (7451744),Phillip Dorsett (7451824),Jimmy Graham (7451915),Christine Michael (7451650),Chiefs  (7452346)
Russell Wilson (7451548),C.J. Anderson (7451627),Matt Forte (7451656),Doug Baldwin (7451798),Phillip Dorsett (7451824),Pierre Garcon (7451717),Eric Ebron (7451886),LeSean McCoy (7451575),Broncos  (7452339)
Andrew Luck (7451561),Matt Forte (7451656),Christine Michael (7451650),T.Y. Hilton (7451821),Mike Wallace (7451741),Rishard Matthews (7451708),Hunter Henry (7451935),Charles Sims (7451643),Panthers  (7452341)
Ryan Tannehill (7451517),Ezekiel Elliott (7451690),LeSean McCoy (7451575),Jarvis Landry (7451730),Phillip Dorsett (7451824),Rishard Matthews (7451708),Eric Ebron (7451886),Charles Sims (7451643),Seahawks  (7452345)
Ryan Tannehill (7451517),Matt Forte (7451656),LeSean McCoy (7451575),Jarvis Landry (7451730),Mike Wallace (7451741),Phillip Dorsett (7451824),Zach Miller (7451943),Christine Michael (7451650),Panthers  (7452341)
Aaron Rodgers (7451525),Matt Forte (7451656),Ezekiel Elliott (7451690),Jordy Nelson (7451751),Mike Wallace (7451741),Phillip Dorsett (7451824),Zach Miller (7451943),Charles Sims (7451643),Redskins  (7452331)
Aaron Rodgers (7451525),C.J. Anderson (7451627),LeSean McCoy (7451575),Jordy Nelson (7451751),Mike Wallace (7451741),Robert Woods (7451700),Jimmy Graham (7451915),Charles Sims (7451643),Panthers  (7452341)
Russell Wilson (7451548),C.J. Anderson (7451627),Ezekiel Elliott (7451690),Phillip Dorsett (7451824),Tyler Lockett (7451805),Robert Woods (7451700),Eric Ebron (7451886),Charles Sims (7451643),Panthers  (7452341)
Andrew Luck (7451561),Ezekiel Elliott (7451690),LeSean McCoy (7451575),T.Y. Hilton (7451821),Rishard Matthews (7451708),Robert Woods (7451700),Julius Thomas (7451878),Christine Michael (7451650),Seahawks  (7452345)
Ryan Tannehill (7451517),C.J. Anderson (7451627),Christine Michael (7451650),Jarvis Landry (7451730),Phillip Dorsett (7451824),Robert Woods (7451700),Gary Barnidge (7451869),Charles Sims (7451643),Chiefs  (7452346)
Aaron Rodgers (7451525),C.J. Anderson (7451627),Ezekiel Elliott (7451690),Jordy Nelson (7451751),Phillip Dorsett (7451824),Rishard Matthews (7451708),Hunter Henry (7451935),Theo Riddick (7451618),Seahawks  (7452345)
Russell Wilson (7451548),Ezekiel Elliott (7451690),LeSean McCoy (7451575),Doug Baldwin (7451798),Phillip Dorsett (7451824),Kenny Stills (7451729),Julius Thomas (7451878),Theo Riddick (7451618),Panthers  (7452341)
Russell Wilson (7451548),C.J. Anderson (7451627),Ezekiel Elliott (7451690),Doug Baldwin (7451798),Mike Wallace (7451741),Robert Woods (7451700),Cameron Brate (7451911),Theo Riddick (7451618),Seahawks  (7452345)
Ryan Tannehill (7451517),C.J. Anderson (7451627),Ezekiel Elliott (7451690),Jarvis Landry (7451730),Jermaine Kearse (7451800),Rishard Matthews (7451708),Hunter Henry (7451935),Christine Michael (7451650),Panthers  (7452341)
Eli Manning (7451509),C.J. Anderson (7451627),LeSean McCoy (7451575),Odell Beckham Jr. (7451720),Phillip Dorsett (7451824),Rishard Matthews (7451708),Jimmy Graham (7451915),Christine Michael (7451650),Panthers  (7452341)
Russell Wilson (7451548),Ezekiel Elliott (7451690),LeSean McCoy (7451575),Doug Baldwin (7451798),Mike Wallace (7451741),Rishard Matthews (7451708),Eric Ebron (7451886),Jeremy Langford (7451685),Steelers  (7452351)
Aaron Rodgers (7451525),LeSean McCoy (7451575),Jeremy Langford (7451685),Jordy Nelson (7451751),Mike Wallace (7451741),Rishard Matthews (7451708),Zach Miller (7451943),Christine Michael (7451650),Seahawks  (7452345)
Aaron Rodgers (7451525),Ezekiel Elliott (7451690),Christine Michael (7451650),Jordy Nelson (7451751),Pierre Garcon (7451717),Robert Woods (7451700),Eric Ebron (7451886),Theo Riddick (7451618),Panthers  (7452341)
Andrew Luck (7451561),Ezekiel Elliott (7451690),LeSean McCoy (7451575),T.Y. Hilton (7451821),Mike Wallace (7451741),Pierre Garcon (7451717),Jimmy Graham (7451915),Theo Riddick (7451618),Panthers  (7452341)
Ryan Tannehill (7451517),Ezekiel Elliott (7451690),LeSean McCoy (7451575),Jarvis Landry (7451730),Pierre Garcon (7451717),Robert Woods (7451700),Jimmy Graham (7451915),Christine Michael (7451650),Redskins  (7452331)
Russell Wilson (7451548),Ezekiel Elliott (7451690),LeSean McCoy (7451575),Doug Baldwin (7451798),Markus Wheaton (7451830),Pierre Garcon (7451717),Gary Barnidge (7451869),Eddie Lacy (7451617),Seahawks  (7452345)
Russell Wilson (7451548),LeSean McCoy (7451575),Eddie Lacy (7451617),Doug Baldwin (7451798),Mike Wallace (7451741),Robert Woods (7451700),Hunter Henry (7451935),Isaiah Crowell (7451602),Panthers  (7452341)
Andrew Luck (7451561),Jeremy Langford (7451685),Christine Michael (7451650),T.Y. Hilton (7451821),Jermaine Kearse (7451800),Robert Woods (7451700),Gary Barnidge (7451869),Theo Riddick (7451618),Panthers  (7452341)
Andrew Luck (7451561),LeSean McCoy (7451575),Eddie Lacy (7451617),T.Y. Hilton (7451821),Mike Wallace (7451741),Jermaine Kearse (7451800),Eric Ebron (7451886),Christine Michael (7451650),Chiefs  (7452346)
Ryan Tannehill (7451517),Jeremy Langford (7451685),Christine Michael (7451650),Jarvis Landry (7451730),Mike Wallace (7451741),Robert Woods (7451700),Eric Ebron (7451886),Theo Riddick (7451618),Seahawks  (7452345)
Russell Wilson (7451548),Eddie Lacy (7451617),Jeremy Langford (7451685),Doug Baldwin (7451798),Pierre Garcon (7451717),Rishard Matthews (7451708),Zach Miller (7451943),Theo Riddick (7451618),Panthers  (7452341)
Aaron Rodgers (7451525),Christine Michael (7451650),Theo Riddick (7451618),Jordy Nelson (7451751),Jermaine Kearse (7451800),Rishard Matthews (7451708),Gary Barnidge (7451869),Isaiah Crowell (7451602),Chiefs  (7452346)
Andrew Luck (7451561),Christine Michael (7451650),Theo Riddick (7451618),T.Y. Hilton (7451821),Mike Wallace (7451741),Kenny Stills (7451729),Zach Miller (7451943),Isaiah Crowell (7451602),Seahawks  (7452345)
Andrew Luck (7451561),Eddie Lacy (7451617),Jeremy Langford (7451685),T.Y. Hilton (7451821),Pierre Garcon (7451717),Dontrelle Inman (7451819),Jimmy Graham (7451915),Christine Michael (7451650),Seahawks  (7452345)
Russell Wilson (7451548),Jeremy Langford (7451685),Theo Riddick (7451618),Doug Baldwin (7451798),Mike Wallace (7451741),Kenny Stills (7451729),Gary Barnidge (7451869),Isaiah Crowell (7451602),Chiefs  (7452346)
Russell Wilson (7451548),Eddie Lacy (7451617),Theo Riddick (7451618),Doug Baldwin (7451798),Davante Adams (7451758),Dontrelle Inman (7451819),Eric Ebron (7451886),Isaiah Crowell (7451602),Seahawks  (7452345)
Russell Wilson (7451548),Latavius Murray (7451583),Theo Riddick (7451618),Doug Baldwin (7451798),Mike Wallace (7451741),Markus Wheaton (7451830),Eric Ebron (7451886),Justin Forsett (7451607),Panthers  (7452341)
Russell Wilson (7451548),Eddie Lacy (7451617),Jeremy Langford (7451685),Doug Baldwin (7451798),Mike Wallace (7451741),Eddie Royal (7451838),Julius Thomas (7451878),Jerick McKinnon (7451637),Seahawks  (7452345)
Aaron Rodgers (7451525),Jeremy Langford (7451685),Theo Riddick (7451618),Jordy Nelson (7451751),Mike Wallace (7451741),Jermaine Kearse (7451800),Julius Thomas (7451878),Justin Forsett (7451607),Panthers  (7452341)
Ryan Tannehill (7451517),Eddie Lacy (7451617),Theo Riddick (7451618),Jarvis Landry (7451730),Mike Wallace (7451741),Jermaine Kearse (7451800),Jimmy Graham (7451915),Isaiah Crowell (7451602),Panthers  (7452341)
Andrew Luck (7451561),Eddie Lacy (7451617),Jeremy Langford (7451685),T.Y. Hilton (7451821),Mike Wallace (7451741),Markus Wheaton (7451830),Julius Thomas (7451878),Isaiah Crowell (7451602),Panthers  (7452341)
Aaron Rodgers (7451525),Theo Riddick (7451618),Isaiah Crowell (7451602),Jordy Nelson (7451751),Mike Wallace (7451741),Pierre Garcon (7451717),Jimmy Graham (7451915),Jerick McKinnon (7451637),Seahawks  (7452345)
Russell Wilson (7451548),Jeremy Langford (7451685),Theo Riddick (7451618),Doug Baldwin (7451798),John Brown (7451697),Andrew Hawkins (7451726),Hunter Henry (7451935),Justin Forsett (7451607),Seahawks  (7452345)
Russell Wilson (7451548),Jeremy Langford (7451685),Isaiah Crowell (7451602),Doug Baldwin (7451798),Dontrelle Inman (7451819),Eddie Royal (7451838),Jesse James (7451941),Justin Forsett (7451607),Panthers  (7452341)
Andrew Luck (7451561),Eddie Lacy (7451617),Theo Riddick (7451618),T.Y. Hilton (7451821),Davante Adams (7451758),Jermaine Kearse (7451800),Julius Thomas (7451878),Jerick McKinnon (7451637),Seahawks  (7452345)
Andrew Luck (7451561),Eddie Lacy (7451617),Theo Riddick (7451618),T.Y. Hilton (7451821),Kenny Stills (7451729),Dontrelle Inman (7451819),Eric Ebron (7451886),Justin Forsett (7451607),Panthers  (7452341)
Andrew Luck (7451561),Jeremy Langford (7451685),Isaiah Crowell (7451602),T.Y. Hilton (7451821),Eddie Royal (7451838),Jermaine Kearse (7451800),Eric Ebron (7451886),Justin Forsett (7451607),Seahawks  (7452345)
Aaron Rodgers (7451525),Latavius Murray (7451583),Jeremy Langford (7451685),Jordy Nelson (7451751),Markus Wheaton (7451830),Kenny Stills (7451729),Eric Ebron (7451886),Theo Riddick (7451618),Seahawks  (7452345)
Andrew Luck (7451561),Jeremy Langford (7451685),Theo Riddick (7451618),T.Y. Hilton (7451821),Mike Wallace (7451741),Dontrelle Inman (7451819),Hunter Henry (7451935),Jerick McKinnon (7451637),Chiefs  (7452346)
Ryan Tannehill (7451517),Eddie Lacy (7451617),Jeremy Langford (7451685),Jarvis Landry (7451730),Pierre Garcon (7451717),Jermaine Kearse (7451800),Zach Miller (7451943),Jerick McKinnon (7451637),Seahawks  (7452345)
Ryan Tannehill (7451517),Jeremy Langford (7451685),Theo Riddick (7451618),Jarvis Landry (7451730),Pierre Garcon (7451717),Dontrelle Inman (7451819),Gary Barnidge (7451869),Justin Forsett (7451607),Panthers  (7452341)
Aaron Rodgers (7451525),Latavius Murray (7451583),Theo Riddick (7451618),Jordy Nelson (7451751),Dontrelle Inman (7451819),Eddie Royal (7451838),Zach Miller (7451943),Isaiah Crowell (7451602),Panthers  (7452341)
Eli Manning (7451509),Eddie Lacy (7451617),Jeremy Langford (7451685),Odell Beckham Jr. (7451720),Mike Wallace (7451741),Jermaine Kearse (7451800),Gary Barnidge (7451869),Theo Riddick (7451618),Seahawks  (7452345)
Andrew Luck (7451561),Eddie Lacy (7451617),Theo Riddick (7451618),T.Y. Hilton (7451821),Pierre Garcon (7451717),Eddie Royal (7451838),Gary Barnidge (7451869),Isaiah Crowell (7451602),Chiefs  (7452346)
Aaron Rodgers (7451525),Jeremy Langford (7451685),Frank Gore (7451665),Jordy Nelson (7451751),Pierre Garcon (7451717),Kenny Stills (7451729),Gary Barnidge (7451869),Isaiah Crowell (7451602),Panthers  (7452341)
Andrew Luck (7451561),Eddie Lacy (7451617),Latavius Murray (7451583),T.Y. Hilton (7451821),Kenny Stills (7451729),Jermaine Kearse (7451800),Zach Miller (7451943),Jeremy Langford (7451685),Redskins  (7452331)
Aaron Rodgers (7451525),Jeremy Langford (7451685),Isaiah Crowell (7451602),Jordy Nelson (7451751),Dontrelle Inman (7451819),Jermaine Kearse (7451800),Eric Ebron (7451886),Jerick McKinnon (7451637),Redskins  (7452331)
Andrew Luck (7451561),Eddie Lacy (7451617),Latavius Murray (7451583),T.Y. Hilton (7451821),Mike Wallace (7451741),John Brown (7451697),Gary Barnidge (7451869),Justin Forsett (7451607),Seahawks  (7452345)
Ryan Tannehill (7451517),Eddie Lacy (7451617),Latavius Murray (7451583),Jarvis Landry (7451730),Markus Wheaton (7451830),Davante Adams (7451758),Eric Ebron (7451886),Jeremy Langford (7451685),Panthers  (7452341)
Andrew Luck (7451561),Latavius Murray (7451583),Jeremy Langford (7451685),T.Y. Hilton (7451821),Davante Adams (7451758),Pierre Garcon (7451717),Hunter Henry (7451935),Justin Forsett (7451607),Panthers  (7452341)
Aaron Rodgers (7451525),Frank Gore (7451665),Isaiah Crowell (7451602),Jordy Nelson (7451751),Markus Wheaton (7451830),Jermaine Kearse (7451800),Zach Miller (7451943),Justin Forsett (7451607),Seahawks  (7452345)
Andrew Luck (7451561),Latavius Murray (7451583),Isaiah Crowell (7451602),T.Y. Hilton (7451821),Dontrelle Inman (7451819),Jermaine Kearse (7451800),Jimmy Graham (7451915),Matt Jones (7451597),Panthers  (7452341)
Andrew Luck (7451561),Jeremy Langford (7451685),Isaiah Crowell (7451602),T.Y. Hilton (7451821),Davante Adams (7451758),Kenny Stills (7451729),Jimmy Graham (7451915),Jerick McKinnon (7451637),Giants  (7452330)
Aaron Rodgers (7451525),Jeremy Langford (7451685),Justin Forsett (7451607),Jordy Nelson (7451751),Eddie Royal (7451838),Andrew Hawkins (7451726),Gary Barnidge (7451869),Jerick McKinnon (7451637),Seahawks  (7452345)
Ryan Tannehill (7451517),Jeremy Langford (7451685),Isaiah Crowell (7451602),Jarvis Landry (7451730),John Brown (7451697),Davante Adams (7451758),Jimmy Graham (7451915),Justin Forsett (7451607),Seahawks  (7452345)
Ryan Tannehill (7451517),Latavius Murray (7451583),Jeremy Langford (7451685),Jarvis Landry (7451730),Eddie Royal (7451838),Jermaine Kearse (7451800),Gary Barnidge (7451869),Isaiah Crowell (7451602),Chiefs  (7452346)
Andrew Luck (7451561),Latavius Murray (7451583),Jeremy Langford (7451685),T.Y. Hilton (7451821),Markus Wheaton (7451830),Andrew Hawkins (7451726),Jesse James (7451941),Jerick McKinnon (7451637),Seahawks  (7452345)
Aaron Rodgers (7451525),Latavius Murray (7451583),Jeremy Langford (7451685),Jordy Nelson (7451751),Pierre Garcon (7451717),Jermaine Kearse (7451800),Jimmy Graham (7451915),Matt Jones (7451597),Chiefs  (7452346)
Andrew Luck (7451561),Eddie Lacy (7451617),Justin Forsett (7451607),T.Y. Hilton (7451821),Markus Wheaton (7451830),Pierre Garcon (7451717),Zach Miller (7451943),Jerick McKinnon (7451637),Packers  (7452337)
Andrew Luck (7451561),Eddie Lacy (7451617),Isaiah Crowell (7451602),T.Y. Hilton (7451821),John Brown (7451697),Andrew Hawkins (7451726),Eric Ebron (7451886),Jerick McKinnon (7451637),Redskins  (7452331)
Ryan Tannehill (7451517),Eddie Lacy (7451617),Frank Gore (7451665),Jarvis Landry (7451730),Markus Wheaton (7451830),Dontrelle Inman (7451819),Gary Barnidge (7451869),Isaiah Crowell (7451602),Seahawks  (7452345)
Eli Manning (7451509),Eddie Lacy (7451617),Isaiah Crowell (7451602),Odell Beckham Jr. (7451720),Pierre Garcon (7451717),Jermaine Kearse (7451800),Zach Miller (7451943),Justin Forsett (7451607),Panthers  (7452341)
Aaron Rodgers (7451525),Isaiah Crowell (7451602),Matt Jones (7451597),Jordy Nelson (7451751),John Brown (7451697),Andrew Hawkins (7451726),Eric Ebron (7451886),Justin Forsett (7451607),Panthers  (7452341)
Ryan Tannehill (7451517),Eddie Lacy (7451617),Isaiah Crowell (7451602),Jarvis Landry (7451730),Pierre Garcon (7451717),Andrew Hawkins (7451726),Eric Ebron (7451886),Justin Forsett (7451607),Chiefs  (7452346)
Aaron Rodgers (7451525),Latavius Murray (7451583),Justin Forsett (7451607),Jordy Nelson (7451751),Kenny Stills (7451729),Jermaine Kearse (7451800),Hunter Henry (7451935),Jerick McKinnon (7451637),Packers  (7452337)
Ryan Tannehill (7451517),Isaiah Crowell (7451602),Justin Forsett (7451607),Jarvis Landry (7451730),Markus Wheaton (7451830),Jermaine Kearse (7451800),Julius Thomas (7451878),Jerick McKinnon (7451637),Redskins  (7452331)
Ryan Tannehill (7451517),Latavius Murray (7451583),Frank Gore (7451665),Jarvis Landry (7451730),Jermaine Kearse (7451800),Andrew Hawkins (7451726),Zach Miller (7451943),Justin Forsett (7451607),Panthers  (7452341)
Ryan Tannehill (7451517),Latavius Murray (7451583),Justin Forsett (7451607),Jarvis Landry (7451730),Dontrelle Inman (7451819),Eddie Royal (7451838),Eric Ebron (7451886),Jerick McKinnon (7451637),Seahawks  (7452345)
Aaron Rodgers (7451525),Latavius Murray (7451583),Isaiah Crowell (7451602),Jordy Nelson (7451751),John Brown (7451697),Markus Wheaton (7451830),Julius Thomas (7451878),Jerick McKinnon (7451637),Chiefs  (7452346)
Ryan Tannehill (7451517),Eddie Lacy (7451617),Isaiah Crowell (7451602),Jarvis Landry (7451730),Davante Adams (7451758),Eddie Royal (7451838),Hunter Henry (7451935),Jerick McKinnon (7451637),Giants  (7452330)
Philip Rivers (7451559),Eddie Lacy (7451617),Isaiah Crowell (7451602),Travis Benjamin (7451820),Kenny Stills (7451729),Jermaine Kearse (7451800),Eric Ebron (7451886),Jerick McKinnon (7451637),Seahawks  (7452345)
Aaron Rodgers (7451525),Ryan Mathews (7451676),Latavius Murray (7451583),Jordy Nelson (7451751),Markus Wheaton (7451830),Pierre Garcon (7451717),Jesse James (7451941),Justin Forsett (7451607),Panthers  (7452341)
Ryan Tannehill (7451517),Eddie Lacy (7451617),Matt Jones (7451597),Jarvis Landry (7451730),John Brown (7451697),Eddie Royal (7451838),Julius Thomas (7451878),Justin Forsett (7451607),Panthers  (7452341)
