QB,RB,RB,WR,WR,WR,TE,FLEX,DST
Cody Kessler (7769854),Le'Veon Bell (7769914),Spencer Ware (7769960),T.Y. Hilton (7770051),Julian Edelman (7770120),Terrelle Pryor Sr. (7770017),Charles Clay (7770181),Golden Tate (7770041),Cowboys  (7770574)
Andy Dalton (7769871),Le'Veon Bell (7769914),Isaiah Crowell (7769916),A.J. Green (7770063),Julian Edelman (7770120),Jordan Matthews (7770131),Martellus Bennett (7770221),Golden Tate (7770041),Cowboys  (7770574)
Alex Smith (7769877),Le'Veon Bell (7769914),Spencer Ware (7769960),Antonio Brown (7770016),Jordan Matthews (7770131),Golden Tate (7770041),Zach Miller (7770198),Chris Conley (7770077),Cowboys  (7770574)
Blake Bortles (7769865),Le'Veon Bell (7769914),Spencer Ware (7769960),Antonio Brown (7770016),Julian Edelman (7770120),Allen Hurns (7770043),Martellus Bennett (7770221),Rashad Jennings (7769964),Cowboys  (7770574)
Kirk Cousins (7769909),Le'Veon Bell (7769914),LeSean McCoy (7769949),Julian Edelman (7770120),Golden Tate (7770041),Pierre Garcon (7770140),Martellus Bennett (7770221),Spencer Ware (7769960),Vikings  (7770586)
Kirk Cousins (7769909),Le'Veon Bell (7769914),Spencer Ware (7769960),Julian Edelman (7770120),Terrelle Pryor Sr. (7770017),Jordan Matthews (7770131),Zach Miller (7770198),DeSean Jackson (7770139),Chiefs  (7770582)
Cody Kessler (7769854),Le'Veon Bell (7769914),Spencer Ware (7769960),Mike Evans (7770078),Julian Edelman (7770120),Corey Coleman (7770024),Zach Miller (7770198),Isaiah Crowell (7769916),Vikings  (7770586)
Alex Smith (7769877),Le'Veon Bell (7769914),Spencer Ware (7769960),Mike Evans (7770078),Julian Edelman (7770120),Terrelle Pryor Sr. (7770017),Martellus Bennett (7770221),Chris Conley (7770077),Dolphins  (7770589)
Kirk Cousins (7769909),Le'Veon Bell (7769914),Rashad Jennings (7769964),Mike Evans (7770078),Julian Edelman (7770120),Jamison Crowder (7770145),Zach Miller (7770198),Golden Tate (7770041),Cowboys  (7770574)
Andy Dalton (7769871),Le'Veon Bell (7769914),Spencer Ware (7769960),A.J. Green (7770063),Terrelle Pryor Sr. (7770017),Golden Tate (7770041),Zach Miller (7770198),Rashad Jennings (7769964),Dolphins  (7770589)
Tom Brady (7769898),Le'Veon Bell (7769914),Spencer Ware (7769960),Julian Edelman (7770120),Jordan Matthews (7770131),Golden Tate (7770041),Dennis Pitta (7770160),Rashad Jennings (7769964),Rams  (7770588)
Cody Kessler (7769854),Le'Veon Bell (7769914),Todd Gurley (7769986),T.Y. Hilton (7770051),Julian Edelman (7770120),Jordan Matthews (7770131),Martellus Bennett (7770221),Corey Coleman (7770024),Chiefs  (7770582)
Alex Smith (7769877),Le'Veon Bell (7769914),Todd Gurley (7769986),T.Y. Hilton (7770051),Julian Edelman (7770120),Golden Tate (7770041),Zach Miller (7770198),Tyreek Hill (7770082),Vikings  (7770586)
Kirk Cousins (7769909),Le'Veon Bell (7769914),Spencer Ware (7769960),T.Y. Hilton (7770051),Jordan Matthews (7770131),Jamison Crowder (7770145),Martellus Bennett (7770221),James Starks (7770006),Cowboys  (7770574)
Kirk Cousins (7769909),Le'Veon Bell (7769914),Todd Gurley (7769986),Antonio Brown (7770016),Julian Edelman (7770120),Jordan Matthews (7770131),Charles Clay (7770181),Pierre Garcon (7770140),Cowboys  (7770574)
Ben Roethlisberger (7769851),Le'Veon Bell (7769914),James Starks (7770006),Antonio Brown (7770016),Julian Edelman (7770120),Eddie Royal (7770083),Zach Miller (7770198),Isaiah Crowell (7769916),Cowboys  (7770574)
Andy Dalton (7769871),Le'Veon Bell (7769914),Spencer Ware (7769960),A.J. Green (7770063),Julian Edelman (7770120),Corey Coleman (7770024),Charles Clay (7770181),James Starks (7770006),Chiefs  (7770582)
Blake Bortles (7769865),Le'Veon Bell (7769914),Spencer Ware (7769960),Allen Robinson (7770047),Julian Edelman (7770120),Golden Tate (7770041),Jason Witten (7770159),Isaiah Crowell (7769916),Chiefs  (7770582)
Ben Roethlisberger (7769851),Le'Veon Bell (7769914),Spencer Ware (7769960),Antonio Brown (7770016),Golden Tate (7770041),Eddie Royal (7770083),Charles Clay (7770181),Rashad Jennings (7769964),Vikings  (7770586)
Kirk Cousins (7769909),Le'Veon Bell (7769914),Spencer Ware (7769960),A.J. Green (7770063),Golden Tate (7770041),DeSean Jackson (7770139),Jason Witten (7770159),Todd Gurley (7769986),Cowboys  (7770574)
Cody Kessler (7769854),Le'Veon Bell (7769914),LeSean McCoy (7769949),Mike Evans (7770078),Terrelle Pryor Sr. (7770017),Jordan Matthews (7770131),Martellus Bennett (7770221),Rashad Jennings (7769964),Cowboys  (7770574)
Cody Kessler (7769854),Le'Veon Bell (7769914),Spencer Ware (7769960),Antonio Brown (7770016),Terrelle Pryor Sr. (7770017),DeVante Parker (7770111),Martellus Bennett (7770221),Isaiah Crowell (7769916),Chiefs  (7770582)
Matthew Stafford (7769864),Le'Veon Bell (7769914),Spencer Ware (7769960),Mike Evans (7770078),Golden Tate (7770041),Corey Coleman (7770024),Martellus Bennett (7770221),C.J. Prosise (7770003),Cowboys  (7770574)
Andrew Luck (7769869),Le'Veon Bell (7769914),Todd Gurley (7769986),T.Y. Hilton (7770051),Terrelle Pryor Sr. (7770017),Jordan Matthews (7770131),Zach Miller (7770198),Isaiah Crowell (7769916),Cowboys  (7770574)
Blake Bortles (7769865),Le'Veon Bell (7769914),Spencer Ware (7769960),T.Y. Hilton (7770051),Terrelle Pryor Sr. (7770017),Jordan Matthews (7770131),Dennis Pitta (7770160),Allen Hurns (7770043),Vikings  (7770586)
Alex Smith (7769877),Le'Veon Bell (7769914),Spencer Ware (7769960),Mike Evans (7770078),T.Y. Hilton (7770051),Tyreek Hill (7770082),Jason Witten (7770159),Rashad Jennings (7769964),Cowboys  (7770574)
Cody Kessler (7769854),Le'Veon Bell (7769914),Spencer Ware (7769960),Antonio Brown (7770016),Golden Tate (7770041),Corey Coleman (7770024),Dennis Pitta (7770160),James Starks (7770006),Dolphins  (7770589)
Colin Kaepernick (7769899),Le'Veon Bell (7769914),Spencer Ware (7769960),A.J. Green (7770063),Mike Evans (7770078),Jordan Matthews (7770131),Charles Clay (7770181),Quinton Patton (7770125),Cowboys  (7770574)
Kirk Cousins (7769909),Le'Veon Bell (7769914),Rashad Jennings (7769964),Antonio Brown (7770016),Jordan Matthews (7770131),Golden Tate (7770041),Martellus Bennett (7770221),DeSean Jackson (7770139),Dolphins  (7770589)
Andrew Luck (7769869),Le'Veon Bell (7769914),Spencer Ware (7769960),T.Y. Hilton (7770051),Golden Tate (7770041),Eddie Royal (7770083),Zach Miller (7770198),James Starks (7770006),Chiefs  (7770582)
Cody Kessler (7769854),Le'Veon Bell (7769914),C.J. Prosise (7770003),Antonio Brown (7770016),T.Y. Hilton (7770051),Corey Coleman (7770024),Zach Miller (7770198),Rashad Jennings (7769964),Cowboys  (7770574)
Alex Smith (7769877),Le'Veon Bell (7769914),Spencer Ware (7769960),A.J. Green (7770063),Jordan Matthews (7770131),Corey Coleman (7770024),Martellus Bennett (7770221),Tyreek Hill (7770082),Vikings  (7770586)
Kirk Cousins (7769909),Le'Veon Bell (7769914),Spencer Ware (7769960),Mike Evans (7770078),T.Y. Hilton (7770051),Pierre Garcon (7770140),Charles Clay (7770181),Isaiah Crowell (7769916),Rams  (7770588)
Kirk Cousins (7769909),Le'Veon Bell (7769914),Isaiah Crowell (7769916),A.J. Green (7770063),T.Y. Hilton (7770051),DeSean Jackson (7770139),Zach Miller (7770198),Rashad Jennings (7769964),Vikings  (7770586)
Andy Dalton (7769871),Le'Veon Bell (7769914),Spencer Ware (7769960),A.J. Green (7770063),T.Y. Hilton (7770051),Eddie Royal (7770083),Martellus Bennett (7770221),Chris Conley (7770077),Rams  (7770588)
Alex Smith (7769877),Le'Veon Bell (7769914),Isaiah Crowell (7769916),Antonio Brown (7770016),T.Y. Hilton (7770051),Terrelle Pryor Sr. (7770017),Charles Clay (7770181),Chris Conley (7770077),Vikings  (7770586)
Colin Kaepernick (7769899),Le'Veon Bell (7769914),Spencer Ware (7769960),Antonio Brown (7770016),Terrelle Pryor Sr. (7770017),Jeremy Kerley (7770122),Zach Miller (7770198),James Starks (7770006),Vikings  (7770586)
Cody Kessler (7769854),Le'Veon Bell (7769914),Spencer Ware (7769960),A.J. Green (7770063),Terrelle Pryor Sr. (7770017),Jordan Matthews (7770131),Jason Witten (7770159),James Starks (7770006),Rams  (7770588)
Alex Smith (7769877),Le'Veon Bell (7769914),LeSean McCoy (7769949),T.Y. Hilton (7770051),Corey Coleman (7770024),Chris Conley (7770077),Dennis Pitta (7770160),Spencer Ware (7769960),Chiefs  (7770582)
Jay Cutler (7769883),Le'Veon Bell (7769914),Spencer Ware (7769960),Antonio Brown (7770016),Jordan Matthews (7770131),Eddie Royal (7770083),Jason Witten (7770159),Todd Gurley (7769986),Chiefs  (7770582)
Andrew Luck (7769869),Le'Veon Bell (7769914),Spencer Ware (7769960),T.Y. Hilton (7770051),Terrelle Pryor Sr. (7770017),Corey Coleman (7770024),Martellus Bennett (7770221),Rashad Jennings (7769964),Eagles  (7770592)
Kirk Cousins (7769909),Le'Veon Bell (7769914),Spencer Ware (7769960),A.J. Green (7770063),Terrelle Pryor Sr. (7770017),Jamison Crowder (7770145),Charles Clay (7770181),C.J. Prosise (7770003),Vikings  (7770586)
Andy Dalton (7769871),Le'Veon Bell (7769914),Todd Gurley (7769986),A.J. Green (7770063),Mike Evans (7770078),Jeremy Kerley (7770122),Martellus Bennett (7770221),Rashad Jennings (7769964),Vikings  (7770586)
Kirk Cousins (7769909),Le'Veon Bell (7769914),Spencer Ware (7769960),Antonio Brown (7770016),DeVante Parker (7770111),Pierre Garcon (7770140),Zach Miller (7770198),Theo Riddick (7769931),Dolphins  (7770589)
Blake Bortles (7769865),Le'Veon Bell (7769914),Spencer Ware (7769960),Mike Evans (7770078),Allen Robinson (7770047),Quinton Patton (7770125),Martellus Bennett (7770221),James Starks (7770006),Vikings  (7770586)
Cody Kessler (7769854),Spencer Ware (7769960),Todd Gurley (7769986),Antonio Brown (7770016),Mike Evans (7770078),Terrelle Pryor Sr. (7770017),Zach Miller (7770198),Rashad Jennings (7769964),Rams  (7770588)
Ben Roethlisberger (7769851),Spencer Ware (7769960),Isaiah Crowell (7769916),Antonio Brown (7770016),Mike Evans (7770078),Corey Coleman (7770024),Martellus Bennett (7770221),Rashad Jennings (7769964),Dolphins  (7770589)
Alex Smith (7769877),LeSean McCoy (7769949),Spencer Ware (7769960),A.J. Green (7770063),Mike Evans (7770078),Chris Conley (7770077),Zach Miller (7770198),Todd Gurley (7769986),Vikings  (7770586)
Andy Dalton (7769871),Spencer Ware (7769960),Theo Riddick (7769931),A.J. Green (7770063),Mike Evans (7770078),Terrelle Pryor Sr. (7770017),Dennis Pitta (7770160),James Starks (7770006),Vikings  (7770586)
Kirk Cousins (7769909),LeSean McCoy (7769949),Spencer Ware (7769960),A.J. Green (7770063),Mike Evans (7770078),DeSean Jackson (7770139),Martellus Bennett (7770221),Isaiah Crowell (7769916),Eagles  (7770592)
Alex Smith (7769877),David Johnson (7769978),Spencer Ware (7769960),Odell Beckham Jr. (7770091),A.J. Green (7770063),Chris Conley (7770077),Martellus Bennett (7770221),Rashad Jennings (7769964),Chiefs  (7770582)
Blake Bortles (7769865),David Johnson (7769978),LeSean McCoy (7769949),Jordy Nelson (7770138),Corey Coleman (7770024),Allen Hurns (7770043),Martellus Bennett (7770221),Spencer Ware (7769960),Chiefs  (7770582)
Kirk Cousins (7769909),David Johnson (7769978),LeSean McCoy (7769949),Odell Beckham Jr. (7770091),DeSean Jackson (7770139),Eddie Royal (7770083),Zach Miller (7770198),Spencer Ware (7769960),Dolphins  (7770589)
Blake Bortles (7769865),LeSean McCoy (7769949),Spencer Ware (7769960),Odell Beckham Jr. (7770091),Allen Robinson (7770047),Corey Coleman (7770024),Zach Miller (7770198),Rashad Jennings (7769964),Vikings  (7770586)
Cody Kessler (7769854),LeSean McCoy (7769949),Spencer Ware (7769960),Odell Beckham Jr. (7770091),Larry Fitzgerald (7770094),Corey Coleman (7770024),Martellus Bennett (7770221),Todd Gurley (7769986),Rams  (7770588)
Kirk Cousins (7769909),David Johnson (7769978),Spencer Ware (7769960),Odell Beckham Jr. (7770091),Jamison Crowder (7770145),Corey Coleman (7770024),Jason Witten (7770159),Todd Gurley (7769986),Chiefs  (7770582)
Aaron Rodgers (7769907),Spencer Ware (7769960),James Starks (7770006),Odell Beckham Jr. (7770091),Jordy Nelson (7770138),Corey Coleman (7770024),Zach Miller (7770198),Isaiah Crowell (7769916),Chiefs  (7770582)
Blake Bortles (7769865),David Johnson (7769978),Spencer Ware (7769960),Odell Beckham Jr. (7770091),Allen Robinson (7770047),DeVante Parker (7770111),Martellus Bennett (7770221),Isaiah Crowell (7769916),Dolphins  (7770589)
Kirk Cousins (7769909),David Johnson (7769978),Theo Riddick (7769931),Odell Beckham Jr. (7770091),Jordy Nelson (7770138),Pierre Garcon (7770140),Martellus Bennett (7770221),Isaiah Crowell (7769916),Chiefs  (7770582)
Aaron Rodgers (7769907),LeSean McCoy (7769949),Todd Gurley (7769986),Odell Beckham Jr. (7770091),Jordy Nelson (7770138),Eddie Royal (7770083),Martellus Bennett (7770221),Rashad Jennings (7769964),Chiefs  (7770582)
Blake Bortles (7769865),David Johnson (7769978),LeSean McCoy (7769949),Allen Robinson (7770047),Donte Moncrief (7770057),DeVante Parker (7770111),Zach Miller (7770198),Todd Gurley (7769986),Chiefs  (7770582)
Kirk Cousins (7769909),David Johnson (7769978),Todd Gurley (7769986),Odell Beckham Jr. (7770091),Allen Robinson (7770047),DeSean Jackson (7770139),Martellus Bennett (7770221),Rashad Jennings (7769964),Rams  (7770588)
Alex Smith (7769877),David Johnson (7769978),LeSean McCoy (7769949),Odell Beckham Jr. (7770091),Stefon Diggs (7770102),Chris Conley (7770077),Zach Miller (7770198),James Starks (7770006),Rams  (7770588)
Kirk Cousins (7769909),LeSean McCoy (7769949),Theo Riddick (7769931),Odell Beckham Jr. (7770091),Jordy Nelson (7770138),Jamison Crowder (7770145),Zach Miller (7770198),Rashad Jennings (7769964),Rams  (7770588)
Blake Bortles (7769865),David Johnson (7769978),LeSean McCoy (7769949),Allen Robinson (7770047),Larry Fitzgerald (7770094),Eddie Royal (7770083),Martellus Bennett (7770221),Theo Riddick (7769931),Rams  (7770588)
Kirk Cousins (7769909),David Johnson (7769978),LeSean McCoy (7769949),Odell Beckham Jr. (7770091),Jamison Crowder (7770145),DeVante Parker (7770111),Martellus Bennett (7770221),James Starks (7770006),Giants  (7770585)
Alex Smith (7769877),David Johnson (7769978),LeSean McCoy (7769949),Jordy Nelson (7770138),Larry Fitzgerald (7770094),Tyreek Hill (7770082),Martellus Bennett (7770221),Isaiah Crowell (7769916),Dolphins  (7770589)
Blake Bortles (7769865),David Johnson (7769978),Isaiah Crowell (7769916),Jordy Nelson (7770138),Allen Robinson (7770047),Stefon Diggs (7770102),Zach Miller (7770198),Rashad Jennings (7769964),Rams  (7770588)
Blake Bortles (7769865),David Johnson (7769978),LeSean McCoy (7769949),Odell Beckham Jr. (7770091),Larry Fitzgerald (7770094),Allen Hurns (7770043),Dennis Pitta (7770160),Rashad Jennings (7769964),Dolphins  (7770589)
Kirk Cousins (7769909),David Johnson (7769978),LeSean McCoy (7769949),Jordy Nelson (7770138),Donte Moncrief (7770057),DeSean Jackson (7770139),Dennis Pitta (7770160),Isaiah Crowell (7769916),Rams  (7770588)
Aaron Rodgers (7769907),David Johnson (7769978),LeSean McCoy (7769949),Jordy Nelson (7770138),Donte Moncrief (7770057),Chris Conley (7770077),Zach Miller (7770198),Rashad Jennings (7769964),Dolphins  (7770589)
Andrew Luck (7769869),LeSean McCoy (7769949),Isaiah Crowell (7769916),Odell Beckham Jr. (7770091),Stefon Diggs (7770102),Donte Moncrief (7770057),Martellus Bennett (7770221),Rashad Jennings (7769964),Rams  (7770588)
Kirk Cousins (7769909),David Johnson (7769978),LeSean McCoy (7769949),Allen Robinson (7770047),Larry Fitzgerald (7770094),Pierre Garcon (7770140),Zach Miller (7770198),Rashad Jennings (7769964),Patriots  (7770590)
Aaron Rodgers (7769907),David Johnson (7769978),Todd Gurley (7769986),Jordy Nelson (7770138),Larry Fitzgerald (7770094),Eddie Royal (7770083),Zach Miller (7770198),James Starks (7770006),Rams  (7770588)
Kirk Cousins (7769909),David Johnson (7769978),LeSean McCoy (7769949),Allen Robinson (7770047),Stefon Diggs (7770102),Jamison Crowder (7770145),Charles Clay (7770181),Isaiah Crowell (7769916),Dolphins  (7770589)
Kirk Cousins (7769909),LeSean McCoy (7769949),Theo Riddick (7769931),Jordy Nelson (7770138),Larry Fitzgerald (7770094),DeSean Jackson (7770139),Martellus Bennett (7770221),Todd Gurley (7769986),Patriots  (7770590)
Blake Bortles (7769865),LeSean McCoy (7769949),Todd Gurley (7769986),Jordy Nelson (7770138),Allen Robinson (7770047),Stefon Diggs (7770102),Martellus Bennett (7770221),James Starks (7770006),Eagles  (7770592)
Kirk Cousins (7769909),David Johnson (7769978),James Starks (7770006),Jordy Nelson (7770138),Larry Fitzgerald (7770094),DeSean Jackson (7770139),Jordan Reed (7770239),Rashad Jennings (7769964),Dolphins  (7770589)
Kirk Cousins (7769909),David Johnson (7769978),Theo Riddick (7769931),Larry Fitzgerald (7770094),Stefon Diggs (7770102),Jamison Crowder (7770145),Dennis Pitta (7770160),Todd Gurley (7769986),Rams  (7770588)
Aaron Rodgers (7769907),LeSean McCoy (7769949),Theo Riddick (7769931),Jordy Nelson (7770138),Allen Robinson (7770047),DeVante Parker (7770111),Martellus Bennett (7770221),Isaiah Crowell (7769916),Giants  (7770585)
Aaron Rodgers (7769907),David Johnson (7769978),Todd Gurley (7769986),Jordy Nelson (7770138),Stefon Diggs (7770102),Chris Conley (7770077),Martellus Bennett (7770221),Isaiah Crowell (7769916),Patriots  (7770590)
Alex Smith (7769877),David Johnson (7769978),LeSean McCoy (7769949),Allen Robinson (7770047),Larry Fitzgerald (7770094),Chris Conley (7770077),Dennis Pitta (7770160),Todd Gurley (7769986),Giants  (7770585)
Kirk Cousins (7769909),David Johnson (7769978),LeSean McCoy (7769949),Stefon Diggs (7770102),DeSean Jackson (7770139),DeVante Parker (7770111),Jordan Reed (7770239),Todd Gurley (7769986),Eagles  (7770592)
Andrew Luck (7769869),David Johnson (7769978),LeSean McCoy (7769949),Allen Robinson (7770047),Donte Moncrief (7770057),Jeremy Kerley (7770122),Martellus Bennett (7770221),James Starks (7770006),Dolphins  (7770589)
Andrew Luck (7769869),David Johnson (7769978),LeSean McCoy (7769949),Stefon Diggs (7770102),Donte Moncrief (7770057),Eddie Royal (7770083),Zach Miller (7770198),Theo Riddick (7769931),Eagles  (7770592)
Russell Wilson (7769904),David Johnson (7769978),LeSean McCoy (7769949),Allen Robinson (7770047),Doug Baldwin (7770129),Allen Hurns (7770043),Zach Miller (7770198),Theo Riddick (7769931),Dolphins  (7770589)
Kirk Cousins (7769909),David Johnson (7769978),LeSean McCoy (7769949),Donte Moncrief (7770057),Jamison Crowder (7770145),Chris Conley (7770077),Jordan Reed (7770239),Theo Riddick (7769931),Patriots  (7770590)
Blake Bortles (7769865),David Johnson (7769978),Todd Gurley (7769986),Larry Fitzgerald (7770094),Stefon Diggs (7770102),Donte Moncrief (7770057),Martellus Bennett (7770221),Allen Hurns (7770043),Giants  (7770585)
Andrew Luck (7769869),David Johnson (7769978),LeSean McCoy (7769949),Larry Fitzgerald (7770094),Donte Moncrief (7770057),DeVante Parker (7770111),Jason Witten (7770159),Isaiah Crowell (7769916),Giants  (7770585)
Kirk Cousins (7769909),David Johnson (7769978),LeGarrette Blount (7769990),Larry Fitzgerald (7770094),Donte Moncrief (7770057),DeSean Jackson (7770139),Zach Miller (7770198),Todd Gurley (7769986),Cardinals  (7770587)
Tom Brady (7769898),David Johnson (7769978),LeSean McCoy (7769949),Larry Fitzgerald (7770094),Stefon Diggs (7770102),Danny Amendola (7770119),Martellus Bennett (7770221),Rashad Jennings (7769964),Eagles  (7770592)
Kirk Cousins (7769909),DeMarco Murray (7769939),LeSean McCoy (7769949),Larry Fitzgerald (7770094),Stefon Diggs (7770102),Pierre Garcon (7770140),Martellus Bennett (7770221),Isaiah Crowell (7769916),Giants  (7770585)
Kirk Cousins (7769909),David Johnson (7769978),Jay Ajayi (7769982),Stefon Diggs (7770102),Donte Moncrief (7770057),DeSean Jackson (7770139),Martellus Bennett (7770221),James Starks (7770006),Patriots  (7770590)
Alex Smith (7769877),David Johnson (7769978),LeSean McCoy (7769949),Stefon Diggs (7770102),Donte Moncrief (7770057),Tyreek Hill (7770082),Jason Witten (7770159),Todd Gurley (7769986),Patriots  (7770590)
Aaron Rodgers (7769907),David Johnson (7769978),LeSean McCoy (7769949),Donte Moncrief (7770057),Randall Cobb (7770141),DeVante Parker (7770111),Martellus Bennett (7770221),C.J. Prosise (7770003),Patriots  (7770590)
Blake Bortles (7769865),David Johnson (7769978),LeSean McCoy (7769949),Stefon Diggs (7770102),Jarvis Landry (7770110),Allen Hurns (7770043),Zach Miller (7770198),C.J. Prosise (7770003),Patriots  (7770590)
Kirk Cousins (7769909),David Johnson (7769978),LeSean McCoy (7769949),Jarvis Landry (7770110),Donte Moncrief (7770057),Pierre Garcon (7770140),Martellus Bennett (7770221),LeGarrette Blount (7769990),Eagles  (7770592)
Russell Wilson (7769904),David Johnson (7769978),LeSean McCoy (7769949),Jarvis Landry (7770110),Doug Baldwin (7770129),Tyreek Hill (7770082),Martellus Bennett (7770221),Todd Gurley (7769986),Giants  (7770585)
Kirk Cousins (7769909),DeMarco Murray (7769939),David Johnson (7769978),Jamison Crowder (7770145),Tyreek Hill (7770082),Allen Hurns (7770043),Zach Miller (7770198),LeSean McCoy (7769949),Cardinals  (7770587)
Russell Wilson (7769904),David Johnson (7769978),LeSean McCoy (7769949),Donte Moncrief (7770057),Doug Baldwin (7770129),DeVante Parker (7770111),Jordan Reed (7770239),James Starks (7770006),Cardinals  (7770587)
Kirk Cousins (7769909),DeMarco Murray (7769939),David Johnson (7769978),Jarvis Landry (7770110),DeSean Jackson (7770139),DeVante Parker (7770111),Zach Miller (7770198),Theo Riddick (7769931),Patriots  (7770590)
Kirk Cousins (7769909),DeMarco Murray (7769939),David Johnson (7769978),Doug Baldwin (7770129),DeSean Jackson (7770139),Chris Conley (7770077),Martellus Bennett (7770221),LeSean McCoy (7769949),Steelers  (7770573)
Aaron Rodgers (7769907),David Johnson (7769978),LeSean McCoy (7769949),Randall Cobb (7770141),Allen Hurns (7770043),Eddie Royal (7770083),Jordan Reed (7770239),Todd Gurley (7769986),Cardinals  (7770587)
Kirk Cousins (7769909),David Johnson (7769978),Todd Gurley (7769986),Jarvis Landry (7770110),Steve Smith Sr. (7770026),Jamison Crowder (7770145),Jordan Reed (7770239),Isaiah Crowell (7769916),Giants  (7770585)
Aaron Rodgers (7769907),David Johnson (7769978),LeSean McCoy (7769949),Jarvis Landry (7770110),Randall Cobb (7770141),Tyreek Hill (7770082),Zach Miller (7770198),James Starks (7770006),Eagles  (7770592)
Kirk Cousins (7769909),DeMarco Murray (7769939),LeSean McCoy (7769949),Jarvis Landry (7770110),Allen Hurns (7770043),Pierre Garcon (7770140),Jordan Reed (7770239),Todd Gurley (7769986),Patriots  (7770590)
Kirk Cousins (7769909),DeMarco Murray (7769939),Ezekiel Elliott (7769928),Steve Smith Sr. (7770026),Jamison Crowder (7770145),DeVante Parker (7770111),Martellus Bennett (7770221),Todd Gurley (7769986),Patriots  (7770590)
Aaron Rodgers (7769907),DeMarco Murray (7769939),Theo Riddick (7769931),Jarvis Landry (7770110),Randall Cobb (7770141),Allen Hurns (7770043),Martellus Bennett (7770221),Todd Gurley (7769986),Giants  (7770585)
Kirk Cousins (7769909),DeMarco Murray (7769939),LeGarrette Blount (7769990),Jarvis Landry (7770110),Doug Baldwin (7770129),Jamison Crowder (7770145),Martellus Bennett (7770221),Theo Riddick (7769931),Cardinals  (7770587)
Aaron Rodgers (7769907),DeMarco Murray (7769939),Todd Gurley (7769986),Randall Cobb (7770141),Doug Baldwin (7770129),DeVante Parker (7770111),Jordan Reed (7770239),Isaiah Crowell (7769916),Patriots  (7770590)
Kirk Cousins (7769909),DeMarco Murray (7769939),Jay Ajayi (7769982),Jarvis Landry (7770110),Randall Cobb (7770141),Jamison Crowder (7770145),Zach Miller (7770198),Todd Gurley (7769986),Eagles  (7770592)
Kirk Cousins (7769909),DeMarco Murray (7769939),Jay Ajayi (7769982),Jamison Crowder (7770145),Tyreek Hill (7770082),DeVante Parker (7770111),Jordan Reed (7770239),Theo Riddick (7769931),Giants  (7770585)
Alex Smith (7769877),DeMarco Murray (7769939),Ezekiel Elliott (7769928),Jarvis Landry (7770110),DeVante Parker (7770111),Chris Conley (7770077),Jordan Reed (7770239),Todd Gurley (7769986),Giants  (7770585)
Russell Wilson (7769904),Ezekiel Elliott (7769928),Theo Riddick (7769931),Jarvis Landry (7770110),Steve Smith Sr. (7770026),Doug Baldwin (7770129),Zach Miller (7770198),Todd Gurley (7769986),Patriots  (7770590)
Aaron Rodgers (7769907),DeMarco Murray (7769939),LeGarrette Blount (7769990),Steve Smith Sr. (7770026),Randall Cobb (7770141),Eddie Royal (7770083),Zach Miller (7770198),Theo Riddick (7769931),Patriots  (7770590)
Blake Bortles (7769865),DeMarco Murray (7769939),LeGarrette Blount (7769990),Jarvis Landry (7770110),Doug Baldwin (7770129),Allen Hurns (7770043),Jordan Reed (7770239),James Starks (7770006),Giants  (7770585)
Alex Smith (7769877),DeMarco Murray (7769939),Jay Ajayi (7769982),Jarvis Landry (7770110),Steve Smith Sr. (7770026),Tyreek Hill (7770082),Martellus Bennett (7770221),Theo Riddick (7769931),Patriots  (7770590)
Aaron Rodgers (7769907),Ezekiel Elliott (7769928),Todd Gurley (7769986),Steve Smith Sr. (7770026),Randall Cobb (7770141),Tyreek Hill (7770082),Jordan Reed (7770239),Rashad Jennings (7769964),Giants  (7770585)
Aaron Rodgers (7769907),Jay Ajayi (7769982),LeGarrette Blount (7769990),Jarvis Landry (7770110),Randall Cobb (7770141),Chris Conley (7770077),Jordan Reed (7770239),Isaiah Crowell (7769916),Giants  (7770585)
Russell Wilson (7769904),DeMarco Murray (7769939),Ezekiel Elliott (7769928),Doug Baldwin (7770129),Tyreek Hill (7770082),Eddie Royal (7770083),Jordan Reed (7770239),Todd Gurley (7769986),Cardinals  (7770587)
Aaron Rodgers (7769907),DeMarco Murray (7769939),Ezekiel Elliott (7769928),Randall Cobb (7770141),Doug Baldwin (7770129),Allen Hurns (7770043),Zach Miller (7770198),Rashad Jennings (7769964),Cardinals  (7770587)
Blake Bortles (7769865),DeMarco Murray (7769939),Theo Riddick (7769931),Dez Bryant (7770029),Steve Smith Sr. (7770026),Allen Hurns (7770043),Jordan Reed (7770239),Todd Gurley (7769986),Cardinals  (7770587)
Kirk Cousins (7769909),DeMarco Murray (7769939),Ezekiel Elliott (7769928),Steve Smith Sr. (7770026),Doug Baldwin (7770129),Pierre Garcon (7770140),Dennis Pitta (7770160),Theo Riddick (7769931),Giants  (7770585)
Kirk Cousins (7769909),DeMarco Murray (7769939),Ezekiel Elliott (7769928),Randall Cobb (7770141),Pierre Garcon (7770140),Eddie Royal (7770083),Jordan Reed (7770239),LeGarrette Blount (7769990),Eagles  (7770592)
Aaron Rodgers (7769907),Jay Ajayi (7769982),Theo Riddick (7769931),Steve Smith Sr. (7770026),Randall Cobb (7770141),Doug Baldwin (7770129),Travis Kelce (7770191),Todd Gurley (7769986),Cardinals  (7770587)
Kirk Cousins (7769909),DeMarco Murray (7769939),LeGarrette Blount (7769990),Dez Bryant (7770029),Steve Smith Sr. (7770026),Pierre Garcon (7770140),Zach Miller (7770198),Todd Gurley (7769986),Steelers  (7770573)
Aaron Rodgers (7769907),DeMarco Murray (7769939),Jay Ajayi (7769982),Randall Cobb (7770141),Tyreek Hill (7770082),Jeremy Kerley (7770122),Jordan Reed (7770239),James Starks (7770006),Cardinals  (7770587)
Tom Brady (7769898),DeMarco Murray (7769939),LeGarrette Blount (7769990),Steve Smith Sr. (7770026),Tyreek Hill (7770082),Danny Amendola (7770119),Jordan Reed (7770239),Todd Gurley (7769986),Eagles  (7770592)
Aaron Rodgers (7769907),Ezekiel Elliott (7769928),Jay Ajayi (7769982),Randall Cobb (7770141),Allen Hurns (7770043),Tavon Austin (7770108),Jordan Reed (7770239),Theo Riddick (7769931),Eagles  (7770592)
Aaron Rodgers (7769907),Ezekiel Elliott (7769928),LeGarrette Blount (7769990),Dez Bryant (7770029),Randall Cobb (7770141),Jeremy Kerley (7770122),Zach Miller (7770198),Todd Gurley (7769986),Eagles  (7770592)
Alex Smith (7769877),DeMarco Murray (7769939),Ezekiel Elliott (7769928),Dez Bryant (7770029),Steve Smith Sr. (7770026),Tyreek Hill (7770082),Zach Miller (7770198),Isaiah Crowell (7769916),Cardinals  (7770587)
Russell Wilson (7769904),DeMarco Murray (7769939),Jay Ajayi (7769982),Steve Smith Sr. (7770026),Doug Baldwin (7770129),Tavon Austin (7770108),Zach Miller (7770198),LeGarrette Blount (7769990),Cardinals  (7770587)
Kirk Cousins (7769909),Ezekiel Elliott (7769928),Jay Ajayi (7769982),Steve Smith Sr. (7770026),Rishard Matthews (7770053),Pierre Garcon (7770140),Jordan Reed (7770239),Todd Gurley (7769986),Cardinals  (7770587)
Colin Kaepernick (7769899),DeMarco Murray (7769939),Jay Ajayi (7769982),Steve Smith Sr. (7770026),Doug Baldwin (7770129),Jeremy Kerley (7770122),Jordan Reed (7770239),Todd Gurley (7769986),Steelers  (7770573)
Kirk Cousins (7769909),DeMarco Murray (7769939),Jay Ajayi (7769982),Dez Bryant (7770029),Doug Baldwin (7770129),Pierre Garcon (7770140),Jordan Reed (7770239),James Starks (7770006),Titans  (7770578)
Tom Brady (7769898),DeMarco Murray (7769939),Ezekiel Elliott (7769928),Dez Bryant (7770029),Danny Amendola (7770119),Eddie Royal (7770083),Zach Miller (7770198),Theo Riddick (7769931),Eagles  (7770592)
Marcus Mariota (7769870),DeMarco Murray (7769939),Ezekiel Elliott (7769928),Rishard Matthews (7770053),Sterling Shepard (7770092),Tavon Austin (7770108),Jordan Reed (7770239),Todd Gurley (7769986),Eagles  (7770592)
Marcus Mariota (7769870),DeMarco Murray (7769939),LeGarrette Blount (7769990),Dez Bryant (7770029),Rishard Matthews (7770053),Jeremy Kerley (7770122),Jordan Reed (7770239),Isaiah Crowell (7769916),Cardinals  (7770587)
Kirk Cousins (7769909),DeMarco Murray (7769939),Ezekiel Elliott (7769928),Robert Woods (7770068),Sterling Shepard (7770092),Pierre Garcon (7770140),Zach Miller (7770198),Jay Ajayi (7769982),Seahawks  (7770593)
Tom Brady (7769898),DeMarco Murray (7769939),Jay Ajayi (7769982),Robert Woods (7770068),Sterling Shepard (7770092),Danny Amendola (7770119),Jordan Reed (7770239),Theo Riddick (7769931),Cardinals  (7770587)
Marcus Mariota (7769870),DeMarco Murray (7769939),Theo Riddick (7769931),Dez Bryant (7770029),Rishard Matthews (7770053),Robert Woods (7770068),Zach Miller (7770198),Todd Gurley (7769986),Seahawks  (7770593)
Tom Brady (7769898),DeMarco Murray (7769939),Ezekiel Elliott (7769928),Rishard Matthews (7770053),Danny Amendola (7770119),Jeremy Kerley (7770122),Jordan Reed (7770239),James Starks (7770006),Steelers  (7770573)
Tyrod Taylor (7769872),DeMarco Murray (7769939),LeGarrette Blount (7769990),Dez Bryant (7770029),Robert Woods (7770068),Quinton Patton (7770125),Jordan Reed (7770239),Theo Riddick (7769931),Steelers  (7770573)
Colin Kaepernick (7769899),DeMarco Murray (7769939),Ezekiel Elliott (7769928),Dez Bryant (7770029),Sterling Shepard (7770092),Jeremy Kerley (7770122),Jordan Reed (7770239),Theo Riddick (7769931),Titans  (7770578)
Ben Roethlisberger (7769851),DeMarco Murray (7769939),Theo Riddick (7769931),Dez Bryant (7770029),Eli Rogers (7770021),Tavon Austin (7770108),Jordan Reed (7770239),Isaiah Crowell (7769916),Seahawks  (7770593)
Ben Roethlisberger (7769851),DeMarco Murray (7769939),Ezekiel Elliott (7769928),Dez Bryant (7770029),Eli Rogers (7770021),Jeremy Kerley (7770122),Zach Miller (7770198),Rashad Jennings (7769964),Steelers  (7770573)
Eli Manning (7769884),DeMarco Murray (7769939),Jay Ajayi (7769982),Dez Bryant (7770029),Sterling Shepard (7770092),Tavon Austin (7770108),Zach Miller (7770198),Theo Riddick (7769931),Steelers  (7770573)
Tom Brady (7769898),Ezekiel Elliott (7769928),Jay Ajayi (7769982),Dez Bryant (7770029),Danny Amendola (7770119),Quinton Patton (7770125),Jordan Reed (7770239),Isaiah Crowell (7769916),Seahawks  (7770593)
Ben Roethlisberger (7769851),DeMarco Murray (7769939),Jay Ajayi (7769982),Sterling Shepard (7770092),Eli Rogers (7770021),Jeremy Kerley (7770122),Jordan Reed (7770239),LeGarrette Blount (7769990),Bills  (7770580)
Marcus Mariota (7769870),Ezekiel Elliott (7769928),Jay Ajayi (7769982),Rishard Matthews (7770053),Marvin Jones Jr. (7770042),Jeremy Kerley (7770122),Jordan Reed (7770239),Theo Riddick (7769931),Seahawks  (7770593)
