QB,RB,RB,WR,WR,WR,TE,FLEX,DST
Cody Kessler (7769854),Le'Veon Bell (7769914),Spencer Ware (7769960),Terrelle Pryor Sr. (7770017),Corey Coleman (7770024),Cameron Meredith (7770090),Martellus Bennett (7770221),Isaiah Crowell (7769916),Cowboys  (7770574)
Kirk Cousins (7769909),Le'Veon Bell (7769914),Theo Riddick (7769931),Terrelle Pryor Sr. (7770017),Jamison Crowder (7770145),Corey Coleman (7770024),Zach Miller (7770198),Isaiah Crowell (7769916),Vikings  (7770586)
Alex Smith (7769877),Spencer Ware (7769960),Theo Riddick (7769931),Donte Moncrief (7770057),Doug Baldwin (7770129),Corey Coleman (7770024),Zach Miller (7770198),Isaiah Crowell (7769916),Cowboys  (7770574)
Alex Smith (7769877),Le'Veon Bell (7769914),Giovani Bernard (7769952),T.Y. Hilton (7770051),Terrelle Pryor Sr. (7770017),Cameron Meredith (7770090),Zach Miller (7770198),Isaiah Crowell (7769916),Dolphins  (7770589)
Blake Bortles (7769865),Le'Veon Bell (7769914),Theo Riddick (7769931),Donte Moncrief (7770057),Rishard Matthews (7770053),Corey Coleman (7770024),Martellus Bennett (7770221),Isaiah Crowell (7769916),Rams  (7770588)
Jay Cutler (7769883),Le'Veon Bell (7769914),Spencer Ware (7769960),Donte Moncrief (7770057),Rishard Matthews (7770053),Cameron Meredith (7770090),Zach Miller (7770198),Isaiah Crowell (7769916),Chiefs  (7770582)
Kirk Cousins (7769909),Le'Veon Bell (7769914),Spencer Ware (7769960),T.Y. Hilton (7770051),Donte Moncrief (7770057),Jamison Crowder (7770145),Martellus Bennett (7770221),Isaiah Crowell (7769916),Eagles  (7770592)
Colin Kaepernick (7769899),Theo Riddick (7769931),Giovani Bernard (7769952),T.Y. Hilton (7770051),Terrelle Pryor Sr. (7770017),Corey Coleman (7770024),Martellus Bennett (7770221),Isaiah Crowell (7769916),Eagles  (7770592)
Colin Kaepernick (7769899),Le'Veon Bell (7769914),Spencer Ware (7769960),Randall Cobb (7770141),Corey Coleman (7770024),Cameron Meredith (7770090),Zach Miller (7770198),Theo Riddick (7769931),Dolphins  (7770589)
Cody Kessler (7769854),Le'Veon Bell (7769914),Theo Riddick (7769931),Donte Moncrief (7770057),Terrelle Pryor Sr. (7770017),Rishard Matthews (7770053),Zach Miller (7770198),Giovani Bernard (7769952),Cowboys  (7770574)
Cody Kessler (7769854),Le'Veon Bell (7769914),Carlos Hyde (7769993),T.Y. Hilton (7770051),Rishard Matthews (7770053),Corey Coleman (7770024),Zach Miller (7770198),Isaiah Crowell (7769916),Eagles  (7770592)
Andy Dalton (7769871),Le'Veon Bell (7769914),Spencer Ware (7769960),A.J. Green (7770063),Terrelle Pryor Sr. (7770017),Corey Coleman (7770024),Zach Miller (7770198),Giovani Bernard (7769952),Eagles  (7770592)
Alex Smith (7769877),Spencer Ware (7769960),Carlos Hyde (7769993),Terrelle Pryor Sr. (7770017),Jamison Crowder (7770145),Rishard Matthews (7770053),Martellus Bennett (7770221),Isaiah Crowell (7769916),Rams  (7770588)
Kirk Cousins (7769909),Le'Veon Bell (7769914),Spencer Ware (7769960),Doug Baldwin (7770129),Jamison Crowder (7770145),Cameron Meredith (7770090),Zach Miller (7770198),Giovani Bernard (7769952),Cowboys  (7770574)
Blake Bortles (7769865),LeSean McCoy (7769949),Spencer Ware (7769960),Allen Robinson (7770047),Terrelle Pryor Sr. (7770017),Corey Coleman (7770024),Zach Miller (7770198),Isaiah Crowell (7769916),Dolphins  (7770589)
Kirk Cousins (7769909),Spencer Ware (7769960),Theo Riddick (7769931),Jamison Crowder (7770145),Rishard Matthews (7770053),Corey Coleman (7770024),Martellus Bennett (7770221),Giovani Bernard (7769952),Chiefs  (7770582)
Russell Wilson (7769904),Le'Veon Bell (7769914),Spencer Ware (7769960),Stefon Diggs (7770102),Doug Baldwin (7770129),Terrelle Pryor Sr. (7770017),Zach Miller (7770198),Isaiah Crowell (7769916),Rams  (7770588)
Alex Smith (7769877),Le'Veon Bell (7769914),LeSean McCoy (7769949),Jamison Crowder (7770145),Corey Coleman (7770024),Cameron Meredith (7770090),Martellus Bennett (7770221),Theo Riddick (7769931),Eagles  (7770592)
Jay Cutler (7769883),Le'Veon Bell (7769914),Spencer Ware (7769960),Terrelle Pryor Sr. (7770017),Rishard Matthews (7770053),Corey Coleman (7770024),Kyle Rudolph (7770210),Theo Riddick (7769931),Titans  (7770578)
Jay Cutler (7769883),Le'Veon Bell (7769914),Theo Riddick (7769931),T.Y. Hilton (7770051),Jamison Crowder (7770145),Cameron Meredith (7770090),Cameron Brate (7770194),Isaiah Crowell (7769916),Cowboys  (7770574)
Colin Kaepernick (7769899),Le'Veon Bell (7769914),Giovani Bernard (7769952),Mike Evans (7770078),Doug Baldwin (7770129),Corey Coleman (7770024),Zach Miller (7770198),Isaiah Crowell (7769916),Titans  (7770578)
Russell Wilson (7769904),Le'Veon Bell (7769914),Carlos Hyde (7769993),Doug Baldwin (7770129),Jamison Crowder (7770145),Corey Coleman (7770024),Martellus Bennett (7770221),Isaiah Crowell (7769916),Chiefs  (7770582)
Colin Kaepernick (7769899),Le'Veon Bell (7769914),LeSean McCoy (7769949),Donte Moncrief (7770057),Jamison Crowder (7770145),Corey Coleman (7770024),Dwayne Allen (7770175),Isaiah Crowell (7769916),Cowboys  (7770574)
Andy Dalton (7769871),Le'Veon Bell (7769914),Theo Riddick (7769931),A.J. Green (7770063),Doug Baldwin (7770129),Terrelle Pryor Sr. (7770017),Martellus Bennett (7770221),Isaiah Crowell (7769916),Dolphins  (7770589)
Jay Cutler (7769883),Theo Riddick (7769931),Carlos Hyde (7769993),Terrelle Pryor Sr. (7770017),Corey Coleman (7770024),Cameron Meredith (7770090),Dwayne Allen (7770175),Isaiah Crowell (7769916),Chiefs  (7770582)
Cody Kessler (7769854),Spencer Ware (7769960),Theo Riddick (7769931),Mike Evans (7770078),T.Y. Hilton (7770051),Corey Coleman (7770024),Dwayne Allen (7770175),Isaiah Crowell (7769916),Dolphins  (7770589)
Blake Bortles (7769865),Carlos Hyde (7769993),Giovani Bernard (7769952),A.J. Green (7770063),Corey Coleman (7770024),Cameron Meredith (7770090),Zach Miller (7770198),Isaiah Crowell (7769916),Cowboys  (7770574)
Andy Dalton (7769871),Le'Veon Bell (7769914),Spencer Ware (7769960),Doug Baldwin (7770129),Rishard Matthews (7770053),Corey Coleman (7770024),Cameron Brate (7770194),Isaiah Crowell (7769916),Vikings  (7770586)
Blake Bortles (7769865),Le'Veon Bell (7769914),Theo Riddick (7769931),Allen Robinson (7770047),Doug Baldwin (7770129),Cameron Meredith (7770090),Zach Miller (7770198),Isaiah Crowell (7769916),Cardinals  (7770587)
Kirk Cousins (7769909),LeSean McCoy (7769949),Giovani Bernard (7769952),Mike Evans (7770078),Terrelle Pryor Sr. (7770017),Jamison Crowder (7770145),Martellus Bennett (7770221),Isaiah Crowell (7769916),Cowboys  (7770574)
Cody Kessler (7769854),Spencer Ware (7769960),Theo Riddick (7769931),Terrelle Pryor Sr. (7770017),Jamison Crowder (7770145),Cameron Meredith (7770090),Zach Miller (7770198),Carlos Hyde (7769993),Eagles  (7770592)
Colin Kaepernick (7769899),LeSean McCoy (7769949),Theo Riddick (7769931),Donte Moncrief (7770057),Terrelle Pryor Sr. (7770017),Cameron Meredith (7770090),Zach Miller (7770198),Isaiah Crowell (7769916),Rams  (7770588)
Blake Bortles (7769865),Le'Veon Bell (7769914),Carlos Hyde (7769993),Allen Robinson (7770047),Terrelle Pryor Sr. (7770017),Rishard Matthews (7770053),Dwayne Allen (7770175),Isaiah Crowell (7769916),Cowboys  (7770574)
Blake Bortles (7769865),Spencer Ware (7769960),Theo Riddick (7769931),T.Y. Hilton (7770051),Terrelle Pryor Sr. (7770017),Cameron Meredith (7770090),Travis Kelce (7770191),Isaiah Crowell (7769916),Vikings  (7770586)
Cody Kessler (7769854),Le'Veon Bell (7769914),Giovani Bernard (7769952),Donte Moncrief (7770057),Randall Cobb (7770141),Corey Coleman (7770024),Travis Kelce (7770191),Isaiah Crowell (7769916),Dolphins  (7770589)
Jay Cutler (7769883),Le'Veon Bell (7769914),Spencer Ware (7769960),Mike Evans (7770078),Doug Baldwin (7770129),Cameron Meredith (7770090),Martellus Bennett (7770221),Theo Riddick (7769931),Vikings  (7770586)
Kirk Cousins (7769909),Le'Veon Bell (7769914),Carlos Hyde (7769993),Jamison Crowder (7770145),Rishard Matthews (7770053),Cameron Meredith (7770090),Kyle Rudolph (7770210),Isaiah Crowell (7769916),Titans  (7770578)
Cody Kessler (7769854),Le'Veon Bell (7769914),Theo Riddick (7769931),T.Y. Hilton (7770051),Jarvis Landry (7770110),Terrelle Pryor Sr. (7770017),Kyle Rudolph (7770210),Isaiah Crowell (7769916),Chiefs  (7770582)
Blake Bortles (7769865),Le'Veon Bell (7769914),Spencer Ware (7769960),Allen Robinson (7770047),Terrelle Pryor Sr. (7770017),Jamison Crowder (7770145),Martellus Bennett (7770221),Theo Riddick (7769931),Redskins  (7770595)
Russell Wilson (7769904),Le'Veon Bell (7769914),Giovani Bernard (7769952),Randall Cobb (7770141),Terrelle Pryor Sr. (7770017),Rishard Matthews (7770053),Martellus Bennett (7770221),Isaiah Crowell (7769916),Vikings  (7770586)
Jameis Winston (7769882),Spencer Ware (7769960),Giovani Bernard (7769952),Mike Evans (7770078),Donte Moncrief (7770057),Terrelle Pryor Sr. (7770017),Zach Miller (7770198),Isaiah Crowell (7769916),Vikings  (7770586)
Kirk Cousins (7769909),LeSean McCoy (7769949),Spencer Ware (7769960),Jamison Crowder (7770145),Corey Coleman (7770024),Cameron Meredith (7770090),Travis Kelce (7770191),Isaiah Crowell (7769916),Rams  (7770588)
Cody Kessler (7769854),Le'Veon Bell (7769914),Spencer Ware (7769960),Larry Fitzgerald (7770094),Donte Moncrief (7770057),Jamison Crowder (7770145),Zach Miller (7770198),Corey Coleman (7770024),Rams  (7770588)
Kirk Cousins (7769909),Le'Veon Bell (7769914),Carlos Hyde (7769993),Donte Moncrief (7770057),Corey Coleman (7770024),Cameron Meredith (7770090),Martellus Bennett (7770221),Giovani Bernard (7769952),Vikings  (7770586)
Jameis Winston (7769882),Le'Veon Bell (7769914),Theo Riddick (7769931),Mike Evans (7770078),Stefon Diggs (7770102),Corey Coleman (7770024),Kyle Rudolph (7770210),Isaiah Crowell (7769916),Cowboys  (7770574)
Jay Cutler (7769883),Le'Veon Bell (7769914),LeSean McCoy (7769949),Mike Evans (7770078),Terrelle Pryor Sr. (7770017),Cameron Meredith (7770090),Zach Miller (7770198),Carlos Hyde (7769993),Cowboys  (7770574)
Cody Kessler (7769854),Le'Veon Bell (7769914),Carlos Hyde (7769993),Doug Baldwin (7770129),Terrelle Pryor Sr. (7770017),Corey Coleman (7770024),Kyle Rudolph (7770210),Giovani Bernard (7769952),Rams  (7770588)
Kirk Cousins (7769909),Spencer Ware (7769960),Frank Gore (7769938),T.Y. Hilton (7770051),Terrelle Pryor Sr. (7770017),Corey Coleman (7770024),Zach Miller (7770198),Carlos Hyde (7769993),Cowboys  (7770574)
Russell Wilson (7769904),Le'Veon Bell (7769914),LeGarrette Blount (7769990),Doug Baldwin (7770129),Corey Coleman (7770024),Cameron Meredith (7770090),Dwayne Allen (7770175),Theo Riddick (7769931),Cowboys  (7770574)
Cody Kessler (7769854),LeSean McCoy (7769949),Spencer Ware (7769960),Donte Moncrief (7770057),Terrelle Pryor Sr. (7770017),Corey Coleman (7770024),Cameron Brate (7770194),Theo Riddick (7769931),Vikings  (7770586)
Ryan Tannehill (7769895),Spencer Ware (7769960),Theo Riddick (7769931),Stefon Diggs (7770102),Donte Moncrief (7770057),Terrelle Pryor Sr. (7770017),Martellus Bennett (7770221),Isaiah Crowell (7769916),Chiefs  (7770582)
Jay Cutler (7769883),LeSean McCoy (7769949),Spencer Ware (7769960),Stefon Diggs (7770102),Randall Cobb (7770141),Corey Coleman (7770024),Martellus Bennett (7770221),Isaiah Crowell (7769916),Vikings  (7770586)
Russell Wilson (7769904),Spencer Ware (7769960),Giovani Bernard (7769952),Donte Moncrief (7770057),Doug Baldwin (7770129),Cameron Meredith (7770090),Martellus Bennett (7770221),Isaiah Crowell (7769916),Dolphins  (7770589)
Ryan Tannehill (7769895),Le'Veon Bell (7769914),LeSean McCoy (7769949),Jarvis Landry (7770110),Corey Coleman (7770024),Cameron Meredith (7770090),Zach Miller (7770198),Isaiah Crowell (7769916),Bills  (7770580)
Cody Kessler (7769854),Theo Riddick (7769931),Giovani Bernard (7769952),Doug Baldwin (7770129),Corey Coleman (7770024),Cameron Meredith (7770090),Eric Ebron (7770170),Isaiah Crowell (7769916),Vikings  (7770586)
Kirk Cousins (7769909),Spencer Ware (7769960),Frank Gore (7769938),Doug Baldwin (7770129),Terrelle Pryor Sr. (7770017),Jamison Crowder (7770145),Dwayne Allen (7770175),Isaiah Crowell (7769916),Dolphins  (7770589)
Blake Bortles (7769865),Le'Veon Bell (7769914),LeSean McCoy (7769949),Allen Robinson (7770047),Doug Baldwin (7770129),Corey Coleman (7770024),Martellus Bennett (7770221),Giovani Bernard (7769952),Cowboys  (7770574)
Carson Palmer (7769889),Le'Veon Bell (7769914),Theo Riddick (7769931),Larry Fitzgerald (7770094),Randall Cobb (7770141),Cameron Meredith (7770090),Martellus Bennett (7770221),Isaiah Crowell (7769916),Titans  (7770578)
Cody Kessler (7769854),LeSean McCoy (7769949),Isaiah Crowell (7769916),T.Y. Hilton (7770051),Doug Baldwin (7770129),Terrelle Pryor Sr. (7770017),Zach Miller (7770198),Kenny Britt (7770106),Cowboys  (7770574)
Alex Smith (7769877),Le'Veon Bell (7769914),Carlos Hyde (7769993),Randall Cobb (7770141),Terrelle Pryor Sr. (7770017),Corey Coleman (7770024),Eric Ebron (7770170),Isaiah Crowell (7769916),Titans  (7770578)
Cody Kessler (7769854),Le'Veon Bell (7769914),Giovani Bernard (7769952),Larry Fitzgerald (7770094),Terrelle Pryor Sr. (7770017),Jamison Crowder (7770145),Cameron Brate (7770194),Isaiah Crowell (7769916),Titans  (7770578)
Marcus Mariota (7769870),Spencer Ware (7769960),Theo Riddick (7769931),T.Y. Hilton (7770051),Randall Cobb (7770141),Rishard Matthews (7770053),Martellus Bennett (7770221),Isaiah Crowell (7769916),Cowboys  (7770574)
Russell Wilson (7769904),Theo Riddick (7769931),Carlos Hyde (7769993),Donte Moncrief (7770057),Terrelle Pryor Sr. (7770017),Jamison Crowder (7770145),Travis Kelce (7770191),Isaiah Crowell (7769916),Cowboys  (7770574)
Cody Kessler (7769854),LeSean McCoy (7769949),Theo Riddick (7769931),A.J. Green (7770063),Randall Cobb (7770141),Corey Coleman (7770024),Zach Miller (7770198),Isaiah Crowell (7769916),Chiefs  (7770582)
Colin Kaepernick (7769899),Spencer Ware (7769960),Theo Riddick (7769931),Randall Cobb (7770141),Terrelle Pryor Sr. (7770017),Jamison Crowder (7770145),Dwayne Allen (7770175),Giovani Bernard (7769952),Cowboys  (7770574)
Carson Palmer (7769889),Le'Veon Bell (7769914),Theo Riddick (7769931),Larry Fitzgerald (7770094),Terrelle Pryor Sr. (7770017),Corey Coleman (7770024),Dwayne Allen (7770175),Giovani Bernard (7769952),Dolphins  (7770589)
Andy Dalton (7769871),Le'Veon Bell (7769914),LeGarrette Blount (7769990),A.J. Green (7770063),Jamison Crowder (7770145),Rishard Matthews (7770053),Zach Miller (7770198),Isaiah Crowell (7769916),Cowboys  (7770574)
Sam Bradford (7769891),Le'Veon Bell (7769914),LeSean McCoy (7769949),Stefon Diggs (7770102),Rishard Matthews (7770053),Corey Coleman (7770024),Zach Miller (7770198),Spencer Ware (7769960),Cowboys  (7770574)
Andy Dalton (7769871),Le'Veon Bell (7769914),Spencer Ware (7769960),A.J. Green (7770063),Donte Moncrief (7770057),Cameron Meredith (7770090),Jack Doyle (7770176),Theo Riddick (7769931),Cowboys  (7770574)
Marcus Mariota (7769870),Le'Veon Bell (7769914),LeSean McCoy (7769949),Terrelle Pryor Sr. (7770017),Rishard Matthews (7770053),Corey Coleman (7770024),Travis Kelce (7770191),Isaiah Crowell (7769916),Chiefs  (7770582)
Colin Kaepernick (7769899),Le'Veon Bell (7769914),Theo Riddick (7769931),Terrelle Pryor Sr. (7770017),Kenny Britt (7770106),Rishard Matthews (7770053),Martellus Bennett (7770221),Carlos Hyde (7769993),Chiefs  (7770582)
Joe Flacco (7769857),Le'Veon Bell (7769914),Spencer Ware (7769960),Mike Wallace (7770028),Jamison Crowder (7770145),Corey Coleman (7770024),Kyle Rudolph (7770210),Isaiah Crowell (7769916),Dolphins  (7770589)
Cody Kessler (7769854),Le'Veon Bell (7769914),LeGarrette Blount (7769990),T.Y. Hilton (7770051),Kenny Britt (7770106),Corey Coleman (7770024),Martellus Bennett (7770221),Theo Riddick (7769931),Vikings  (7770586)
Andy Dalton (7769871),LeSean McCoy (7769949),Spencer Ware (7769960),A.J. Green (7770063),T.Y. Hilton (7770051),Corey Coleman (7770024),Eric Ebron (7770170),Isaiah Crowell (7769916),Cowboys  (7770574)
Carson Wentz (7769906),Spencer Ware (7769960),Theo Riddick (7769931),Larry Fitzgerald (7770094),Terrelle Pryor Sr. (7770017),Corey Coleman (7770024),Eric Ebron (7770170),Isaiah Crowell (7769916),Rams  (7770588)
Colin Kaepernick (7769899),LeGarrette Blount (7769990),Spencer Ware (7769960),Doug Baldwin (7770129),Terrelle Pryor Sr. (7770017),Cameron Meredith (7770090),Cameron Brate (7770194),Isaiah Crowell (7769916),Titans  (7770578)
Cody Kessler (7769854),Le'Veon Bell (7769914),Frank Gore (7769938),Donte Moncrief (7770057),Doug Baldwin (7770129),Terrelle Pryor Sr. (7770017),Jack Doyle (7770176),Isaiah Crowell (7769916),Vikings  (7770586)
Jay Cutler (7769883),Le'Veon Bell (7769914),LeGarrette Blount (7769990),Donte Moncrief (7770057),Terrelle Pryor Sr. (7770017),Corey Coleman (7770024),Cameron Brate (7770194),Isaiah Crowell (7769916),Eagles  (7770592)
Colin Kaepernick (7769899),Spencer Ware (7769960),Carlos Hyde (7769993),Donte Moncrief (7770057),Kenny Britt (7770106),Corey Coleman (7770024),Eric Ebron (7770170),Isaiah Crowell (7769916),Vikings  (7770586)
Kirk Cousins (7769909),Spencer Ware (7769960),Theo Riddick (7769931),Mike Evans (7770078),Stefon Diggs (7770102),Cameron Meredith (7770090),Zach Miller (7770198),Isaiah Crowell (7769916),Titans  (7770578)
Andy Dalton (7769871),Spencer Ware (7769960),Theo Riddick (7769931),Mike Evans (7770078),Terrelle Pryor Sr. (7770017),Corey Coleman (7770024),Martellus Bennett (7770221),Carlos Hyde (7769993),Cardinals  (7770587)
Kirk Cousins (7769909),Theo Riddick (7769931),Carlos Hyde (7769993),Allen Robinson (7770047),Larry Fitzgerald (7770094),Corey Coleman (7770024),Martellus Bennett (7770221),Isaiah Crowell (7769916),Cowboys  (7770574)
Carson Palmer (7769889),Le'Veon Bell (7769914),Frank Gore (7769938),Larry Fitzgerald (7770094),Kenny Britt (7770106),Corey Coleman (7770024),Zach Miller (7770198),Isaiah Crowell (7769916),Cowboys  (7770574)
Ryan Tannehill (7769895),Le'Veon Bell (7769914),Giovani Bernard (7769952),T.Y. Hilton (7770051),Stefon Diggs (7770102),Jarvis Landry (7770110),Martellus Bennett (7770221),Isaiah Crowell (7769916),Cowboys  (7770574)
Jameis Winston (7769882),Le'Veon Bell (7769914),Carlos Hyde (7769993),Mike Evans (7770078),Jarvis Landry (7770110),Terrelle Pryor Sr. (7770017),Martellus Bennett (7770221),Isaiah Crowell (7769916),Eagles  (7770592)
Cody Kessler (7769854),Le'Veon Bell (7769914),Spencer Ware (7769960),T.Y. Hilton (7770051),Terrelle Pryor Sr. (7770017),Jamison Crowder (7770145),Dwayne Allen (7770175),Rishard Matthews (7770053),Vikings  (7770586)
Alex Smith (7769877),Le'Veon Bell (7769914),Spencer Ware (7769960),Randall Cobb (7770141),Kenny Britt (7770106),Corey Coleman (7770024),Dwayne Allen (7770175),Giovani Bernard (7769952),Vikings  (7770586)
Alex Smith (7769877),Le'Veon Bell (7769914),Theo Riddick (7769931),Stefon Diggs (7770102),Rishard Matthews (7770053),Cameron Meredith (7770090),Dwayne Allen (7770175),Isaiah Crowell (7769916),Vikings  (7770586)
Cody Kessler (7769854),Le'Veon Bell (7769914),Theo Riddick (7769931),Randall Cobb (7770141),Jamison Crowder (7770145),Corey Coleman (7770024),Jack Doyle (7770176),Carlos Hyde (7769993),Cowboys  (7770574)
Jay Cutler (7769883),Spencer Ware (7769960),Carlos Hyde (7769993),A.J. Green (7770063),Doug Baldwin (7770129),Terrelle Pryor Sr. (7770017),Martellus Bennett (7770221),Giovani Bernard (7769952),Cowboys  (7770574)
Jay Cutler (7769883),Le'Veon Bell (7769914),Spencer Ware (7769960),T.Y. Hilton (7770051),Corey Coleman (7770024),Cameron Meredith (7770090),Jack Doyle (7770176),Giovani Bernard (7769952),Rams  (7770588)
Cody Kessler (7769854),Le'Veon Bell (7769914),LeGarrette Blount (7769990),Mike Evans (7770078),Randall Cobb (7770141),Terrelle Pryor Sr. (7770017),Zach Miller (7770198),Isaiah Crowell (7769916),Bears  (7770584)
Andy Dalton (7769871),Spencer Ware (7769960),Carlos Hyde (7769993),T.Y. Hilton (7770051),Kenny Britt (7770106),Cameron Meredith (7770090),Zach Miller (7770198),Isaiah Crowell (7769916),Rams  (7770588)
Russell Wilson (7769904),Spencer Ware (7769960),Giovani Bernard (7769952),T.Y. Hilton (7770051),Jarvis Landry (7770110),Corey Coleman (7770024),Zach Miller (7770198),Isaiah Crowell (7769916),Chiefs  (7770582)
Jay Cutler (7769883),Le'Veon Bell (7769914),Frank Gore (7769938),Terrelle Pryor Sr. (7770017),Jamison Crowder (7770145),Cameron Meredith (7770090),Martellus Bennett (7770221),Giovani Bernard (7769952),Chiefs  (7770582)
Cody Kessler (7769854),Le'Veon Bell (7769914),Spencer Ware (7769960),Randall Cobb (7770141),Doug Baldwin (7770129),Terrelle Pryor Sr. (7770017),Travis Kelce (7770191),Theo Riddick (7769931),Cardinals  (7770587)
Blake Bortles (7769865),Le'Veon Bell (7769914),LeGarrette Blount (7769990),Allen Robinson (7770047),Corey Coleman (7770024),Cameron Meredith (7770090),Kyle Rudolph (7770210),Spencer Ware (7769960),Vikings  (7770586)
Jay Cutler (7769883),LeSean McCoy (7769949),Theo Riddick (7769931),Donte Moncrief (7770057),Corey Coleman (7770024),Cameron Meredith (7770090),Kyle Rudolph (7770210),Giovani Bernard (7769952),Cowboys  (7770574)
Cody Kessler (7769854),Le'Veon Bell (7769914),LeSean McCoy (7769949),Jarvis Landry (7770110),Doug Baldwin (7770129),Corey Coleman (7770024),Dwayne Allen (7770175),Spencer Ware (7769960),Chiefs  (7770582)
Jay Cutler (7769883),Le'Veon Bell (7769914),Frank Gore (7769938),Mike Evans (7770078),Corey Coleman (7770024),Cameron Meredith (7770090),Eric Ebron (7770170),Isaiah Crowell (7769916),Dolphins  (7770589)
Kirk Cousins (7769909),David Johnson (7769978),LeGarrette Blount (7769990),Terrelle Pryor Sr. (7770017),Rishard Matthews (7770053),Corey Coleman (7770024),Martellus Bennett (7770221),Isaiah Crowell (7769916),Dolphins  (7770589)
Andy Dalton (7769871),Le'Veon Bell (7769914),Isaiah Crowell (7769916),A.J. Green (7770063),Larry Fitzgerald (7770094),Corey Coleman (7770024),Kyle Rudolph (7770210),Cameron Meredith (7770090),Chiefs  (7770582)
Ryan Tannehill (7769895),Le'Veon Bell (7769914),Spencer Ware (7769960),Larry Fitzgerald (7770094),Jarvis Landry (7770110),Corey Coleman (7770024),Cameron Brate (7770194),Theo Riddick (7769931),Cowboys  (7770574)
Kirk Cousins (7769909),Le'Veon Bell (7769914),LeSean McCoy (7769949),Terrelle Pryor Sr. (7770017),Mike Wallace (7770028),Cameron Meredith (7770090),Dwayne Allen (7770175),Isaiah Crowell (7769916),Eagles  (7770592)
Marcus Mariota (7769870),Le'Veon Bell (7769914),Spencer Ware (7769960),Larry Fitzgerald (7770094),Rishard Matthews (7770053),Corey Coleman (7770024),Martellus Bennett (7770221),Carlos Hyde (7769993),Dolphins  (7770589)
Colin Kaepernick (7769899),LeGarrette Blount (7769990),Theo Riddick (7769931),Stefon Diggs (7770102),Jamison Crowder (7770145),Corey Coleman (7770024),Cameron Brate (7770194),Isaiah Crowell (7769916),Dolphins  (7770589)
Blake Bortles (7769865),Spencer Ware (7769960),Carlos Hyde (7769993),Allen Robinson (7770047),Randall Cobb (7770141),Cameron Meredith (7770090),Martellus Bennett (7770221),Isaiah Crowell (7769916),Chiefs  (7770582)
Kirk Cousins (7769909),Le'Veon Bell (7769914),Spencer Ware (7769960),Mike Evans (7770078),Jamison Crowder (7770145),Corey Coleman (7770024),Cameron Brate (7770194),Carlos Hyde (7769993),Bears  (7770584)
Andrew Luck (7769869),Le'Veon Bell (7769914),Spencer Ware (7769960),Donte Moncrief (7770057),Terrelle Pryor Sr. (7770017),Corey Coleman (7770024),Jack Doyle (7770176),Carlos Hyde (7769993),Chiefs  (7770582)
Alex Smith (7769877),Spencer Ware (7769960),Giovani Bernard (7769952),Mike Evans (7770078),Larry Fitzgerald (7770094),Corey Coleman (7770024),Martellus Bennett (7770221),Isaiah Crowell (7769916),Browns  (7770572)
Cody Kessler (7769854),LeSean McCoy (7769949),Theo Riddick (7769931),Allen Robinson (7770047),Terrelle Pryor Sr. (7770017),Rishard Matthews (7770053),Martellus Bennett (7770221),Isaiah Crowell (7769916),Cardinals  (7770587)
Cody Kessler (7769854),LeSean McCoy (7769949),Spencer Ware (7769960),Mike Evans (7770078),Corey Coleman (7770024),Cameron Meredith (7770090),Zach Miller (7770198),Giovani Bernard (7769952),Cardinals  (7770587)
Russell Wilson (7769904),LeSean McCoy (7769949),Giovani Bernard (7769952),Doug Baldwin (7770129),Terrelle Pryor Sr. (7770017),Corey Coleman (7770024),Cameron Brate (7770194),Isaiah Crowell (7769916),Redskins  (7770595)
Cody Kessler (7769854),Le'Veon Bell (7769914),LeSean McCoy (7769949),Donte Moncrief (7770057),Terrelle Pryor Sr. (7770017),Jamison Crowder (7770145),Martellus Bennett (7770221),Carlos Hyde (7769993),Giants  (7770585)
Cody Kessler (7769854),David Johnson (7769978),Giovani Bernard (7769952),Stefon Diggs (7770102),Terrelle Pryor Sr. (7770017),Corey Coleman (7770024),Zach Miller (7770198),Isaiah Crowell (7769916),Browns  (7770572)
Andrew Luck (7769869),Le'Veon Bell (7769914),Isaiah Crowell (7769916),T.Y. Hilton (7770051),Doug Baldwin (7770129),Terrelle Pryor Sr. (7770017),Dwayne Allen (7770175),Corey Coleman (7770024),Giants  (7770585)
Cody Kessler (7769854),Le'Veon Bell (7769914),DuJuan Harris (7769989),Stefon Diggs (7770102),Terrelle Pryor Sr. (7770017),Rishard Matthews (7770053),Eric Ebron (7770170),Isaiah Crowell (7769916),Dolphins  (7770589)
Jay Cutler (7769883),LeGarrette Blount (7769990),Giovani Bernard (7769952),Larry Fitzgerald (7770094),Rishard Matthews (7770053),Corey Coleman (7770024),Zach Miller (7770198),Isaiah Crowell (7769916),Rams  (7770588)
Alex Smith (7769877),Le'Veon Bell (7769914),Jordan Howard (7769971),Terrelle Pryor Sr. (7770017),Rishard Matthews (7770053),Corey Coleman (7770024),Cameron Brate (7770194),Frank Gore (7769938),Cowboys  (7770574)
Cody Kessler (7769854),Le'Veon Bell (7769914),Theo Riddick (7769931),Jordy Nelson (7770138),Allen Robinson (7770047),Corey Coleman (7770024),Cameron Brate (7770194),Isaiah Crowell (7769916),Giants  (7770585)
Ryan Tannehill (7769895),LeGarrette Blount (7769990),Spencer Ware (7769960),Mike Evans (7770078),Jamison Crowder (7770145),Corey Coleman (7770024),Zach Miller (7770198),Isaiah Crowell (7769916),Eagles  (7770592)
Blake Bortles (7769865),Spencer Ware (7769960),Giovani Bernard (7769952),T.Y. Hilton (7770051),Allen Robinson (7770047),Jamison Crowder (7770145),Kyle Rudolph (7770210),Isaiah Crowell (7769916),Cowboys  (7770574)
Russell Wilson (7769904),Spencer Ware (7769960),Theo Riddick (7769931),T.Y. Hilton (7770051),Doug Baldwin (7770129),Corey Coleman (7770024),Kyle Rudolph (7770210),Carlos Hyde (7769993),Vikings  (7770586)
Alex Smith (7769877),LeSean McCoy (7769949),Carlos Hyde (7769993),T.Y. Hilton (7770051),Donte Moncrief (7770057),Cameron Meredith (7770090),Martellus Bennett (7770221),Isaiah Crowell (7769916),Cowboys  (7770574)
Cody Kessler (7769854),Spencer Ware (7769960),Carlos Hyde (7769993),A.J. Green (7770063),Stefon Diggs (7770102),Corey Coleman (7770024),Cameron Brate (7770194),Isaiah Crowell (7769916),Rams  (7770588)
Jared Goff (7769897),Le'Veon Bell (7769914),Spencer Ware (7769960),Terrelle Pryor Sr. (7770017),Kenny Britt (7770106),Cameron Meredith (7770090),Cameron Brate (7770194),Theo Riddick (7769931),Rams  (7770588)
Andy Dalton (7769871),Frank Gore (7769938),Isaiah Crowell (7769916),Donte Moncrief (7770057),Randall Cobb (7770141),Terrelle Pryor Sr. (7770017),Kyle Rudolph (7770210),Corey Coleman (7770024),Cowboys  (7770574)
Colin Kaepernick (7769899),Le'Veon Bell (7769914),Spencer Ware (7769960),Randall Cobb (7770141),Terrelle Pryor Sr. (7770017),Kenny Britt (7770106),Kyle Rudolph (7770210),Isaiah Crowell (7769916),Eagles  (7770592)
Ryan Tannehill (7769895),Le'Veon Bell (7769914),Spencer Ware (7769960),Jarvis Landry (7770110),Randall Cobb (7770141),Terrelle Pryor Sr. (7770017),Zach Miller (7770198),Carlos Hyde (7769993),Vikings  (7770586)
Cody Kessler (7769854),LeSean McCoy (7769949),Spencer Ware (7769960),T.Y. Hilton (7770051),Larry Fitzgerald (7770094),Terrelle Pryor Sr. (7770017),Martellus Bennett (7770221),Giovani Bernard (7769952),Chiefs  (7770582)
Jameis Winston (7769882),Le'Veon Bell (7769914),Spencer Ware (7769960),Mike Evans (7770078),Larry Fitzgerald (7770094),Cameron Meredith (7770090),Dwayne Allen (7770175),Isaiah Crowell (7769916),Rams  (7770588)
Cody Kessler (7769854),LeGarrette Blount (7769990),Spencer Ware (7769960),Allen Robinson (7770047),Donte Moncrief (7770057),Corey Coleman (7770024),Martellus Bennett (7770221),Giovani Bernard (7769952),Eagles  (7770592)
Kirk Cousins (7769909),Le'Veon Bell (7769914),David Johnson (7769978),Stefon Diggs (7770102),Jamison Crowder (7770145),Corey Coleman (7770024),Martellus Bennett (7770221),DuJuan Harris (7769989),Cowboys  (7770574)
Kirk Cousins (7769909),Le'Veon Bell (7769914),LeSean McCoy (7769949),Terrelle Pryor Sr. (7770017),Jamison Crowder (7770145),Kenny Britt (7770106),Eric Ebron (7770170),Spencer Ware (7769960),Titans  (7770578)
Jameis Winston (7769882),Le'Veon Bell (7769914),Spencer Ware (7769960),Mike Evans (7770078),Kenny Britt (7770106),Rishard Matthews (7770053),Martellus Bennett (7770221),Giovani Bernard (7769952),Cowboys  (7770574)
Jay Cutler (7769883),David Johnson (7769978),Spencer Ware (7769960),Jarvis Landry (7770110),Terrelle Pryor Sr. (7770017),Jamison Crowder (7770145),Zach Miller (7770198),Isaiah Crowell (7769916),Cowboys  (7770574)
Blake Bortles (7769865),LeGarrette Blount (7769990),Spencer Ware (7769960),Doug Baldwin (7770129),Terrelle Pryor Sr. (7770017),Corey Coleman (7770024),Martellus Bennett (7770221),Frank Gore (7769938),Chiefs  (7770582)
Russell Wilson (7769904),Le'Veon Bell (7769914),Isaiah Crowell (7769916),T.Y. Hilton (7770051),Donte Moncrief (7770057),Doug Baldwin (7770129),Kyle Rudolph (7770210),Rishard Matthews (7770053),Cowboys  (7770574)
Colin Kaepernick (7769899),LeSean McCoy (7769949),Spencer Ware (7769960),Larry Fitzgerald (7770094),Doug Baldwin (7770129),Corey Coleman (7770024),Martellus Bennett (7770221),Theo Riddick (7769931),Redskins  (7770595)
Cody Kessler (7769854),Le'Veon Bell (7769914),LeSean McCoy (7769949),Stefon Diggs (7770102),Terrelle Pryor Sr. (7770017),Cameron Meredith (7770090),Travis Kelce (7770191),Giovani Bernard (7769952),Vikings  (7770586)
Andy Dalton (7769871),LeGarrette Blount (7769990),Giovani Bernard (7769952),Jamison Crowder (7770145),Corey Coleman (7770024),Cameron Meredith (7770090),Martellus Bennett (7770221),Isaiah Crowell (7769916),Titans  (7770578)
Carson Palmer (7769889),Le'Veon Bell (7769914),Spencer Ware (7769960),Larry Fitzgerald (7770094),Terrelle Pryor Sr. (7770017),Jamison Crowder (7770145),Kyle Rudolph (7770210),Carlos Hyde (7769993),Cowboys  (7770574)
Russell Wilson (7769904),Le'Veon Bell (7769914),Frank Gore (7769938),Donte Moncrief (7770057),Terrelle Pryor Sr. (7770017),Corey Coleman (7770024),Zach Miller (7770198),Cameron Meredith (7770090),Redskins  (7770595)
Cody Kessler (7769854),Le'Veon Bell (7769914),LeSean McCoy (7769949),Terrelle Pryor Sr. (7770017),Mike Wallace (7770028),Corey Coleman (7770024),Zach Miller (7770198),DuJuan Harris (7769989),Titans  (7770578)
Cody Kessler (7769854),Jay Ajayi (7769982),Spencer Ware (7769960),A.J. Green (7770063),Terrelle Pryor Sr. (7770017),Rishard Matthews (7770053),Zach Miller (7770198),Isaiah Crowell (7769916),Titans  (7770578)
Kirk Cousins (7769909),Spencer Ware (7769960),Giovani Bernard (7769952),Terrelle Pryor Sr. (7770017),Rishard Matthews (7770053),Cameron Meredith (7770090),Eric Ebron (7770170),Isaiah Crowell (7769916),Redskins  (7770595)
Joe Flacco (7769857),Le'Veon Bell (7769914),Theo Riddick (7769931),Stefon Diggs (7770102),Mike Wallace (7770028),Corey Coleman (7770024),Martellus Bennett (7770221),Carlos Hyde (7769993),Titans  (7770578)
Russell Wilson (7769904),Theo Riddick (7769931),Carlos Hyde (7769993),Randall Cobb (7770141),Doug Baldwin (7770129),Rishard Matthews (7770053),Zach Miller (7770198),Isaiah Crowell (7769916),Dolphins  (7770589)
Jay Cutler (7769883),Le'Veon Bell (7769914),Carlos Hyde (7769993),A.J. Green (7770063),Jordy Nelson (7770138),Cameron Meredith (7770090),Martellus Bennett (7770221),Isaiah Crowell (7769916),Rams  (7770588)
Kirk Cousins (7769909),Le'Veon Bell (7769914),Giovani Bernard (7769952),Stefon Diggs (7770102),Jamison Crowder (7770145),Kenny Britt (7770106),Dwayne Allen (7770175),Isaiah Crowell (7769916),Chiefs  (7770582)
